8907
5713
5699
5177
5351
8367
5081
9729
5924
2824
1314
8549
2475
8906
7995
2889
8030
6192
3515
5710
7403
3098
2069
8155
8699
694
4446
8083
5294
3104
2572
6707
321
6547
9342
2366
2263
6168
649
1722
3980
4371
9549
2140
9281
559
3930
8697
2047
7765
8171
608
3264
8124
1341
4641
9611
8044
340
1146
7976
8071
8004
3916
3677
343
6329
1532
9960
9290
8898
2539
9124
7062
7908
3292
4619
801
1457
2135
148
9079
9021
3878
293
8369
9827
5926
4026
8693
3639
7691
4567
4135
6692
1549
205
3053
1984
182
7497
3987
8579
8410
6544
3183
9180
6623
7118
1774
5742
351
1099
6067
8243
3146
1697
8808
7264
2875
7640
6886
5285
2210
2580
2388
749
4149
7564
5387
