5851
1936
8374
7623
9321
7936
4829
8932
1096
8609
1803
5055
7651
4405
450
7755
4492
8831
212
4196
3754
5512
9823
9954
5168
4959
3565
4678
5404
5840
8538
279
6455
6959
792
8843
305
1000
7625
928
4794
7946
9720
6594
1226
8379
1263
7528
9423
682
9827
8075
9051
5949
1023
4213
2504
1813
325
9234
4304
8824
1371
3953
4324
8001
7142
755
8208
3363
3052
5576
9348
1193
346
8760
7319
6956
213
4612
9032
4549
5361
9532
7857
2763
8926
9323
5960
9678
6067
5676
8488
5166
6378
8019
9925
5842
3233
8400
119
8665
5286
6730
7521
9208
2404
7559
4328
1553
5697
1073
4561
2161
357
2789
5279
701
1914
8271
5048
7076
3300
6137
482
6307
2809
2085
3334
4257
5931
8445
2385
9863
6973
1085
4792
9310
5189
7430
2764
7810
4449
1004
6842
8075
5921
2294
4495
7798
