2561
2101
8723
5391
2632
1592
5473
5102
8705
1782
5390
2760
8280
1544
4138
4805
7957
8372
387
6635
5103
3167
3777
3066
7340
2032
7197
3602
7075
4250
9376
4607
4587
8747
8858
6036
2075
8948
3505
4833
9581
6738
4913
2020
5616
2239
3743
3935
965
6951
6770
6119
4273
5370
6599
8818
774
2358
9394
8395
6533
872
5764
6401
7016
665
806
2693
9801
3781
7502
2014
9446
7684
2317
5210
7910
6910
3634
5902
625
5400
6712
8375
2248
204
7172
1713
7396
2193
1662
7234
8284
3113
5530
6551
5519
5431
4379
8062
1830
3556
594
4309
3216
1725
6855
1598
9248
2936
7631
4615
3555
5054
3887
6261
4949
8130
2309
7891
8030
3114
7980
1435
757
6297
5662
7397
746
8524
7799
4605
9799
9864
7537
520
2758
578
8916
6469
2564
2298
7230
8792
7090
6301
486
5428
5516
2547
