1846
3197
8015
6809
4360
684
8036
6673
1578
6870
7798
188
2568
3644
7222
109
8252
2364
7616
1374
2123
5350
912
3731
2304
9131
182
7205
1706
8347
6652
4254
7604
2204
3309
5944
1313
3520
518
377
9873
2867
6865
1473
4178
5301
3442
8194
8263
7612
5450
379
7940
392
3502
2237
3608
8696
3584
7800
2057
2372
1275
2143
426
5325
3237
1574
2603
2218
2923
2743
1434
3249
897
9745
7454
2884
3194
2294
1327
3881
7707
6781
3835
9641
256
8686
685
5456
6551
6435
6854
9699
3298
2615
1523
4447
1859
9009
592
5101
1911
1045
5296
3958
265
1228
9128
6837
8093
7144
5622
7870
5584
941
8250
4349
6696
9426
