6192
8487
9871
1703
2063
4525
4115
4261
1030
8411
5745
9896
2029
5858
3164
8006
369
7748
3643
8581
6446
202
8094
3212
1186
1641
8676
821
9104
354
2179
4793
917
5845
5628
1072
4869
4163
1105
2501
5594
9184
1135
4711
1805
2475
858
728
8469
979
4601
1882
6642
2680
9068
755
3774
9935
3616
9854
5890
3902
3518
9414
2288
6695
1107
5262
4067
6299
1362
1309
3266
6793
5024
8987
3657
3532
7875
5956
9559
854
8680
9730
8196
503
7433
3109
6551
9451
2882
3977
8541
7342
5443
6674
7274
8529
1862
4190
5504
1132
931
936
1035
7294
1583
3184
1203
714
2930
778
2359
8652
5901
5647
6568
3058
463
786
6556
4216
2486
9546
1117
6861
6443
5753
7108
5735
