7522
764
7049
7188
7605
2470
1758
2014
4443
3525
2814
1952
4086
1421
4846
3430
2689
6074
8747
1040
6402
7957
1183
8766
5091
6813
8223
6930
2166
8414
5312
9929
4213
4907
265
2642
7387
862
3582
5404
7879
1436
9864
7640
2023
2163
8140
1228
8620
3794
1925
2711
2544
4348
5436
1396
6167
9105
4718
3660
9033
4704
726
9047
3801
1803
5716
3904
6270
5468
7957
1186
560
1609
2660
2092
9599
599
2859
2634
898
6744
3765
3845
3097
7496
4103
8987
3556
5005
963
5334
4923
9302
7594
611
1244
5848
9706
8003
3557
4554
9202
155
6550
3715
824
735
2644
9877
9951
3480
3629
313
5480
7756
7477
9549
7183
8584
3806
3937
4143
5644
1095
7620
2009
6489
8126
4798
8284
1028
2162
2355
699
2766
947
221
1569
4443
6331
3455
8113
2057
429
7871
5053
6713
1288
2740
