6934
7504
9143
2638
8101
1501
1442
9477
4686
2749
5836
4382
4672
2189
3857
1943
9986
2487
9887
1478
6772
467
1032
6812
8497
432
7646
9971
5778
8985
8176
1063
1441
5119
8523
8476
6615
2722
6130
1670
4614
6119
7227
5013
9268
3170
2080
229
8607
7683
4815
2637
827
494
5471
8837
3394
8951
7403
2975
3177
6065
6163
5747
1376
840
269
2294
8655
7721
1530
5735
9983
1481
5215
6115
8873
4962
1721
8499
8363
8564
4568
5825
6276
5540
3922
2109
8116
6438
5196
1872
3342
8417
4378
1929
3288
6765
7481
2598
967
4026
5365
9939
4435
3983
6295
9295
924
8547
3782
7844
7976
5223
6197
1949
3105
8644
8398
5258
4423
5480
8479
4675
7732
3535
5371
371
7625
211
6605
4403
6350
1437
4235
3905
5698
2278
3542
9958
2468
9646
8631
4494
2654
3457
2859
1879
9935
6075
5992
1997
3299
5515
6923
3724
9157
4253
8331
8057
3535
9496
7176
5322
297
4192
9394
3595
2312
1958
1953
8927
1734
5210
2390
8759
5448
2973
4962
8919
8376
6300
461
4314
6186
5178
1930
1517
4355
7129
8126
7831
2858
2487
1315
4207
7783
6806
9523
8548
1603
8257
4339
846
7099
5298
6684
3701
1302
4134
2848
9222
9015
197
7365
8407
9510
6405
1364
8303
2906
1378
1360
348
8884
3109
1565
8297
6888
1944
1999
431
6291
9038
8856
3431
8804
4733
3622
4382
