6155
6288
4981
275
5957
489
9251
4204
8882
806
6305
2369
895
7874
6893
7598
4235
4630
4002
9461
5096
6261
3085
5947
5602
2427
3293
7456
5965
3261
6142
2756
3515
4123
8079
3907
236
453
4169
9562
7056
6181
1965
8303
4351
8638
2085
4121
337
4658
6012
7611
1570
4523
6193
2856
1301
1718
8749
4639
4940
4295
4099
1939
3158
9078
1492
8881
3996
8076
2041
412
3132
359
3334
6531
3055
8722
2691
4886
1112
5518
1298
1756
9657
4646
4851
9197
7034
1203
5785
8843
5753
9792
4819
6649
2437
9094
7470
4903
1068
6083
9350
9267
2799
5879
6035
420
5060
8003
5378
3295
9904
9612
3397
8587
6538
767
4368
2772
6077
4954
3235
6311
9700
869
9925
7373
8048
9804
8815
2746
9336
2516
5458
1529
1789
6612
1690
5950
1488
1960
3306
8670
3128
8887
4039
3361
1413
6653
211
4933
6870
6570
7554
4775
6036
9241
1554
1520
