7646
7923
8277
1167
5950
246
3369
1201
4541
3145
6314
4879
3516
2793
2421
9966
4785
922
3745
851
2692
5561
9125
6466
379
5392
6544
578
3419
8758
2536
2247
3147
1214
971
9240
1979
9732
205
723
7623
7824
146
3769
6810
3525
5352
975
9754
6264
3120
2286
9316
6970
3100
5087
8119
4354
3827
439
8191
4583
529
2875
6072
8822
4068
8634
2669
1750
3374
4756
4395
7970
8631
7976
9805
2341
4215
1281
5790
7951
3766
4015
2916
6943
9788
6238
7631
155
9268
7253
2368
4712
7302
4266
4846
1633
7349
1739
407
5598
3430
4620
8231
7005
1263
7005
3627
2021
9209
2887
8359
9990
5319
8878
6998
2722
6375
6686
