8940
6074
8153
8602
1297
427
2805
1665
1542
4489
572
392
9211
5037
1618
951
6512
841
9823
3493
502
7344
6574
5185
2207
5636
3265
4726
9106
8216
7386
6209
1576
404
6271
9862
6247
5262
5847
9733
2431
4874
2835
7374
6464
1104
2695
8472
3203
238
8836
2018
5899
8782
7033
8078
3447
183
7995
3348
5697
2281
6602
5275
2490
1771
2974
3858
1863
9133
6727
9304
6581
2614
2851
9083
301
8701
7302
5603
115
1319
8571
8026
5637
8742
9853
7187
959
136
6225
2518
2395
4482
7899
5019
6598
6188
9636
2393
978
3338
1790
7545
8309
8585
6126
4290
3397
3101
6345
7470
7265
3551
7552
230
5681
2946
8117
2626
