9465
4518
6382
8949
3062
4682
6044
3512
5023
5107
7330
8017
7357
6578
6317
7355
8836
7705
3897
5605
7449
1996
780
3590
7367
8791
2474
6279
640
1090
6868
1935
2085
8474
2913
9375
3783
4748
2407
2088
8591
6854
5179
4442
6819
938
2386
4930
7508
4696
4080
5739
7209
9992
3953
1468
3860
6002
5108
8139
4396
7006
3148
5972
8800
4467
1790
8870
2449
2213
687
1815
2191
2908
9451
1776
1198
1759
7432
1890
572
8754
7455
8595
9173
2694
7605
192
6067
8390
525
9502
9785
9803
5086
6100
9208
1161
9850
4100
2345
1298
5728
4910
2057
4899
7588
9445
7107
2165
8719
304
9697
8426
1249
6201
5269
8749
1314
4179
6327
9795
1836
8959
4158
1243
9110
2564
1829
9125
3727
3775
2127
5768
1895
5988
1982
8251
8566
4196
2364
3822
4322
7872
2806
4592
6341
7183
3052
7132
