1177
1931
3313
4687
2676
6270
390
8129
5972
6062
262
1982
2255
5087
4492
1854
8899
783
409
5261
7498
898
5150
9834
8982
4928
6666
9037
7786
8390
2771
8973
9867
8589
7640
2450
7321
8410
9711
7948
4948
5402
8428
6133
3516
9981
9413
6395
9674
5973
2655
4492
400
3235
8155
6278
9336
9512
2032
4335
6112
1426
3339
3130
7997
9294
2701
9032
3021
5565
2683
1247
5045
6235
7351
9882
4519
7272
5728
3344
7287
2031
1198
8537
2424
2263
4421
6762
4606
2146
7750
3023
6035
962
9871
432
9003
856
8740
7049
