8336
3496
2346
4055
4342
8994
8443
8805
961
2535
7283
9710
1403
7802
7666
8902
1916
5531
9287
4943
8112
4710
2900
4215
2257
7747
218
8933
1536
4682
3256
1636
5085
8713
9639
1663
2353
9590
5767
1989
7577
3891
7203
9683
7332
1901
7002
9095
7921
6782
4483
2909
2264
6981
9725
8495
2365
8488
3893
9291
4133
3728
6802
7426
4059
4960
7649
437
6287
4924
819
8391
9551
3500
7094
3465
7523
1854
2030
8231
6677
2156
8420
4809
8556
4012
4134
7606
1657
8348
5601
2547
2099
5017
8887
2799
8843
8147
9135
3557
6401
9895
137
1742
7874
3891
9811
5494
4672
3586
949
4286
4911
9795
7712
1404
3204
6421
7435
3551
2913
9758
1642
9105
2040
5213
8139
4962
5433
9056
8123
6094
2767
3936
2478
371
7874
8045
1187
8778
2882
8025
1267
1378
2466
2505
1496
1919
6010
7916
7935
6272
9698
5752
9854
1728
7760
3787
4695
781
9230
7506
385
7588
2936
4303
7976
7076
3217
5932
4486
5665
519
6634
5537
2212
561
5413
2509
6993
