4564
6522
4896
6525
1051
9503
4131
5613
3862
7820
1508
8582
5683
5817
3652
594
649
4699
1938
8986
7094
7384
5440
3130
4531
1932
5735
4141
6187
8484
3650
7627
7193
9687
853
4295
2904
7159
7097
9954
4897
6556
4250
2963
397
4471
5751
2060
8749
1121
3954
5553
3515
8800
4222
725
4187
6854
1975
9473
7484
6803
5932
2803
3687
9130
6001
7708
4735
8467
8507
8765
8435
7661
5267
2686
6763
704
191
3859
2047
4038
7699
3740
4154
1450
7610
5136
2809
6877
8498
9980
4279
594
7348
7586
3536
567
2126
9125
8912
7544
1706
478
9363
2298
1612
9839
9456
9020
6547
8683
6316
9882
3370
5209
9957
7566
6113
9004
4889
7143
7693
4174
308
2442
9668
9939
3557
8612
2138
2788
5716
4601
982
4408
4352
7474
7053
9950
1090
520
5853
1547
1295
6556
5666
4582
1206
6853
