1407
5568
487
6423
9331
6758
6656
6624
6439
693
4680
4770
7186
9730
3670
6685
5945
8884
5115
9207
6389
9782
9846
1316
6028
1311
3416
893
9110
5817
6314
2295
5360
4880
4491
950
1233
5819
5666
9562
3056
6718
6232
7406
5094
1984
4567
4345
6389
536
6023
1603
6562
1268
3470
9525
1267
7719
8666
6926
1723
3711
9833
9674
5422
5379
2626
2325
787
2101
5423
3194
9637
7067
5293
8880
3264
6976
9904
3979
9933
9781
7299
2257
8505
5102
8984
8624
3912
1306
8340
4079
6725
3247
2100
9661
6222
4270
2368
717
986
1750
5362
3231
9351
4729
1693
7997
7629
9756
3287
2669
3216
5367
8489
9385
5542
9999
2972
8969
3434
2152
3616
9237
9845
968
2449
6917
4980
880
