4274
9296
1443
3951
3716
2378
594
2981
6452
1380
9208
4174
5899
6177
6495
3246
3648
536
9342
7379
5623
4921
4820
8456
5056
4235
1348
4969
8622
7765
1820
9115
2348
3744
4435
6099
4271
6428
5706
2351
2685
9324
9490
7190
4972
6283
5379
2116
1595
682
5509
8493
933
2600
7187
3156
7336
5770
6219
6924
6604
9832
9006
4897
1498
214
6677
4832
3891
1269
8204
2469
3125
6497
6419
2946
6315
506
4415
4653
6317
6297
1753
2855
9964
1505
3632
9612
9469
6780
6859
8335
5784
8288
9580
6498
4911
8427
4137
4968
1732
8471
6749
7466
6380
9934
7328
7164
581
208
7417
5579
9704
9247
5092
9389
9332
3336
5145
9373
8083
8682
2135
6328
7685
3335
5193
4808
5566
3362
