9760
5011
8440
5928
9947
8825
7529
803
7493
251
1335
2160
318
9847
126
8689
3289
6446
306
9698
3471
3950
5941
8217
7636
8195
4190
3801
7871
2793
5763
171
5916
2818
5986
1244
5971
9255
883
154
4971
6529
3891
8544
5638
6273
8209
6950
3714
1258
966
4001
3014
7451
7852
3271
712
6943
8013
9296
437
7895
7136
9986
4869
4970
2882
5128
1171
3054
8099
4161
4434
2319
103
145
1127
6411
9589
3646
2710
1083
8960
3283
5149
5379
3536
7643
6810
5205
1110
6474
1137
4564
7578
5363
9579
5161
3859
1460
6524
1666
8366
6484
3309
1913
9127
5557
593
2105
7544
7123
3214
4177
8186
9686
7738
2294
2191
9152
2181
5142
6543
2141
1401
3185
9369
2838
1466
7969
1073
9094
9880
4408
2819
4469
8127
8767
8194
2093
6188
5921
5727
259
1939
9706
1455
7338
9367
7815
