1183
324
2386
3372
302
3960
3295
9387
1380
6446
9965
6533
9906
5450
8952
7359
840
6223
6652
8687
2219
761
7836
3996
3325
9391
5576
116
3352
5803
444
5325
9510
4024
5665
377
3209
2732
8794
6419
9085
8186
9807
5869
4255
6767
802
9612
9157
9579
7369
5785
3798
355
6332
4019
1181
4670
2514
3051
411
4807
3132
3750
2382
9179
844
8687
288
3271
3019
686
1568
5526
5740
6560
4962
3892
4813
1137
8928
8003
7617
5521
7614
570
1596
3756
1259
7152
8616
8680
7610
3988
7181
6218
2076
7163
2060
3536
549
5458
1519
9269
6966
6629
1304
6189
3852
6166
9297
9566
4449
4184
522
6453
9695
8076
378
8287
1605
2986
6297
6260
2575
2008
7282
8705
9631
1616
562
9184
7429
9623
2359
289
5695
2409
256
1686
2717
3879
7528
6930
6183
8338
5680
4878
6708
8656
3592
4722
420
9710
8745
8059
8965
3802
8978
1987
1737
4067
2738
1707
8237
3492
5501
6339
4694
6116
