5534
4307
8671
9526
2879
7968
2115
617
9955
1304
4123
6263
2809
4942
2041
5097
7095
7308
3252
4759
6483
7748
2227
6707
9204
4278
707
6115
2062
8911
7183
6359
4316
8376
2782
6927
748
1544
9521
704
8570
7722
6919
308
4683
6871
6210
2740
693
3447
9936
288
3505
5890
1951
3012
3019
141
2286
6940
7523
7136
9897
1787
5436
3857
3776
6595
8645
4920
8335
1967
4912
2447
1681
6973
1527
9180
8995
3150
3029
5141
6551
970
9476
7269
3229
6316
1352
6935
2071
6932
2834
2716
7358
5238
1067
3692
6309
7048
1869
5000
1838
3738
1982
3859
2378
6559
4661
1221
3093
2539
8856
303
1882
2025
2117
6195
8986
4470
2512
2233
8364
7008
1950
7345
7271
9553
1288
8231
756
9472
2630
5851
8020
2456
8874
9882
4711
6651
6348
8072
1381
7270
7338
278
6271
1430
4457
8725
9278
6006
4426
359
9582
9584
9462
4056
4645
6081
3301
4655
5301
4847
8863
3677
1331
8827
4551
808
9722
4549
9270
8301
7351
6744
4356
4681
2175
9583
