7979
3058
3832
6010
4002
2045
7167
6352
3058
5921
6660
4510
2492
3939
7195
6962
1515
7567
7126
8496
8413
3793
9639
8241
4649
7670
9162
3636
8087
6559
1229
6164
8661
1906
8281
8496
6535
7381
8561
3923
3096
1750
7258
1519
8928
862
9805
3951
1025
2099
6004
4683
4535
7658
691
8785
1054
5849
1763
3529
4524
1327
3371
3016
699
1501
7091
6784
5490
2745
9600
1516
6703
5177
2479
6822
7030
4756
4095
6757
6620
3115
8752
2482
9884
7592
6246
9696
8989
7891
9955
5037
7281
1674
8250
9403
6756
756
7820
915
6197
7706
223
5207
836
8718
6387
3425
5816
3310
1445
9263
2792
834
8940
7129
6185
8897
4992
7932
4523
4840
246
2742
2383
3784
9440
7026
4443
401
1136
6566
6260
8721
7062
3854
4237
7510
9667
7538
