3014
7885
1621
3198
3145
490
419
2617
9226
3884
3406
3368
8676
3479
4491
7443
383
3334
2637
4629
7801
10000
9881
6252
4396
3630
3827
4018
2405
5992
1613
7395
9771
2781
1912
8892
2264
3605
4098
6977
1036
8014
1751
7312
506
1627
2516
1176
3272
5291
3522
5090
4269
7933
8149
4575
5573
5196
5934
7648
6706
6690
2307
8263
5112
9768
365
8058
9027
4301
7886
4309
7356
8820
2942
9368
3316
8397
6991
2311
9009
9529
5377
9919
1833
2601
3495
4322
5441
3196
