8928
7097
8639
3930
7446
8177
4211
7738
8858
6377
455
199
3148
4908
9283
5429
7260
6864
7145
5459
3138
4623
3771
8665
8958
8873
6287
9515
8042
9369
4584
3745
4860
4256
6155
3124
5189
5689
3000
8662
7490
4373
7182
4782
4380
1120
6493
6741
3410
5374
9451
4317
5969
5929
2899
3448
341
1313
6373
8743
6452
953
1655
4472
4501
6376
7212
4747
9134
7938
2045
2664
8636
1298
697
6930
7054
1981
7998
5423
7689
6219
9840
5381
9472
8759
406
2464
3417
4583
1264
3594
8406
8360
436
3296
4750
9669
7399
9600
4076
6733
454
9645
5796
7716
6268
2430
4257
2138
1798
8582
6563
7071
4279
1655
5761
6797
7096
9105
9829
9768
9843
1234
7738
6196
6394
4250
3832
9330
1726
6578
6286
6830
3909
3186
8952
233
9581
3507
2233
6645
5075
367
6381
1267
9081
6083
7367
7045
