7348
8662
1677
8810
8563
6099
9660
6634
3086
2706
6811
287
8685
6639
2862
7234
115
6067
1913
9296
8044
1118
9689
4315
4371
9196
6419
4961
9715
2098
1734
2044
234
1587
2155
8692
7732
7398
5709
5976
3275
8068
7481
1970
1609
2248
7518
4242
3172
8000
2220
8720
2172
1955
6785
8438
4285
5804
4133
8549
5849
3079
5832
6054
1312
4019
4779
6504
3895
4035
4442
5294
8001
5077
2976
7529
8001
4225
5563
6630
9108
2209
8512
9093
917
4744
3086
1463
3662
6445
8924
4099
5500
115
9185
5352
411
6972
6392
8749
7768
4255
1436
3105
8100
7742
5401
8574
5765
4433
3662
6342
4171
4236
9869
8257
8235
6439
6812
2444
9706
739
7184
9232
105
2868
4821
625
3446
5073
9721
9967
8215
9898
9316
6973
9823
4640
7667
503
1982
3670
460
1003
6484
7968
4600
4114
6883
1928
