4992
2717
6149
1631
868
7347
8854
9118
4472
7120
7573
8922
4082
2490
3902
6110
3381
9268
599
8459
9482
7834
5978
941
4781
7135
1354
4252
3972
6743
8910
2925
8266
6772
8325
5924
7641
3048
9736
9599
5682
681
2465
7098
8789
8386
4656
5065
8062
8144
6301
5608
9649
1818
973
5285
5364
8032
6215
6785
6835
9276
1843
7378
1950
9565
5800
9506
4635
5967
9226
7042
8612
5890
8763
3715
8073
3289
9502
6427
9768
7317
8172
7081
8201
9714
4056
5919
6008
4413
5336
5830
1517
7233
8741
9015
720
7183
2627
8648
910
3857
1964
4131
8306
2979
5614
3244
1356
3088
4239
1391
373
9790
8564
4757
2013
8289
4769
8361
8421
8984
711
6070
106
3265
1889
8382
8531
8759
7828
3720
6601
4158
3858
5069
4497
664
6879
865
4167
5892
4232
7635
1469
1540
3846
5444
7285
6594
