1584
216
7981
7728
7622
6688
3770
595
9639
1121
2726
7456
6609
9889
7259
6030
6194
5145
4602
7728
439
9261
8014
3541
4745
2628
8767
7427
6966
8339
6434
5133
1258
1889
4123
3208
8784
342
4311
5035
4419
1760
3984
3426
2158
4842
6435
6039
6666
2250
1864
4005
6805
1503
4337
5270
3071
4324
3034
7928
4805
9489
5389
9266
9578
5887
8824
7623
9201
5907
619
9796
6435
823
3427
2975
5874
6303
1740
1549
430
6764
7158
6850
3515
3516
2979
2087
9648
8241
8504
3770
5543
8009
9919
6564
8248
8916
4965
8172
2244
1654
601
6732
4334
3375
766
6175
725
5685
