3236
1140
966
8978
6859
6496
372
3251
6119
1578
1221
1426
1592
5538
5304
962
8974
2265
4614
9597
7570
5748
4580
8466
2539
4218
8983
5665
3202
4568
4059
8190
2065
6256
5556
4490
1926
4943
1400
1686
2635
4124
1696
8483
1411
9992
730
7235
6715
1762
1737
2075
5130
618
3684
2777
6876
7517
8506
5298
1782
9556
5982
7956
2737
7324
6686
3225
397
1979
7945
7483
1175
7173
6065
298
6366
6660
1169
9464
6806
7603
6929
8628
4726
5337
5696
7466
8916
9512
8425
1838
1662
4030
9366
8906
5932
5089
5457
8492
8621
4674
7130
9725
1021
2970
1678
5069
3760
5933
7127
3190
5308
5005
2513
8791
8740
1058
1688
6421
