8626
6000
4603
9363
9068
4424
4589
956
5728
5653
7429
691
3411
7896
5233
1905
9095
3908
9351
7274
7178
4127
4007
3709
3775
2468
4041
7912
4715
9643
817
8972
1858
9483
8328
235
3554
7272
512
3685
6178
5206
9606
3536
215
3915
1330
7282
2502
1225
5815
5554
6612
638
3787
9311
6934
4963
8458
5312
8705
580
2474
7828
1164
5404
9326
2487
8864
7760
8357
2008
9065
2219
1838
2953
6197
8340
4143
4191
3446
3648
4569
6937
2142
425
8222
4000
9343
8036
169
5202
4455
6317
2665
5470
6352
530
1347
1209
4203
4310
5255
6043
5379
4138
3571
6258
7034
1701
9524
8679
5453
2481
1504
8085
4618
9099
5992
6135
5268
6980
9566
7554
7462
3299
6588
2355
2451
2576
9354
5323
9216
5663
8229
5189
7538
2471
3024
8422
3137
7042
3114
7911
8684
8576
9762
2464
7740
4153
4974
7805
628
6653
9039
8844
1373
4616
9321
7613
5194
2474
6493
2231
5252
3069
5295
663
1676
3801
9900
6466
625
411
5060
7790
4547
9049
1228
2922
6517
2306
1132
746
5504
5027
4613
2193
817
5138
1481
3407
9537
3331
572
222
8533
6115
693
8966
8629
1790
7705
6732
2825
4443
9685
8714
1035
6042
9360
6513
1107
3393
5310
6515
2038
930
9862
4395
6819
5795
2843
5023
4029
9724
9365
536
5147
5180
9570
6643
8884
2434
237
3383
7050
8306
6125
1555
