2670
8561
4036
1898
1058
6936
527
5692
3465
9594
1789
9064
8973
4516
7764
2076
5515
2745
3141
9951
3284
7569
8970
1265
6575
3515
6816
1201
6662
7500
9675
7445
679
3589
7727
3325
3621
9624
9988
4591
2029
8614
2445
7901
3910
7098
358
7777
8385
4330
7948
9697
2560
6159
6222
603
2551
4124
3080
3565
2960
7289
7769
4776
4369
2966
5760
5793
9614
8635
1174
1756
9157
5344
4523
7326
9218
1195
7476
8915
7593
7874
3936
7451
5903
1127
6567
2531
7806
6894
6495
5460
139
915
4256
4269
8189
9671
8111
2097
9676
5773
2044
1813
640
1001
6956
8534
1854
982
8632
3103
6500
4814
5541
3829
1762
6077
3681
7297
