1250
1439
9886
5674
9655
5656
7055
6850
1635
7085
6440
9026
6557
274
1199
7934
7884
8923
8234
2008
7571
4967
980
3045
8941
7401
6966
2868
4642
2796
8397
409
1848
9238
7636
1435
5174
2984
1383
564
5915
5844
8280
460
352
2972
7378
1527
2063
3770
3219
237
6528
7250
8476
7442
391
472
4506
3676
8544
7681
3143
8169
223
9658
1580
6696
3616
9262
1250
732
9913
8707
1405
4822
5160
5084
7454
9947
478
2681
1561
2671
6663
3946
5172
8291
3239
3055
2984
312
6188
979
8694
6338
9854
7670
9996
6532
9169
5972
8006
5479
8070
7779
3042
419
1837
7434
5084
1411
3505
1631
2865
6149
1228
8018
5865
6554
5758
282
2464
8667
2663
8289
8667
4742
5179
9555
7046
3226
1397
4699
9462
7983
272
6478
2961
4796
5688
8468
2864
6436
4683
9299
9705
535
7090
9971
116
2667
5967
189
132
4404
4297
459
9020
362
1164
850
3092
4269
2790
7997
8397
3388
1867
9778
8189
9889
6589
9806
7910
4210
2176
8705
7357
6489
