9393
5066
9851
8906
5153
2895
4096
1790
2911
9990
181
1306
317
7615
3023
9153
1967
573
6957
6073
3179
2084
6987
7385
1001
284
3920
1980
266
1523
8629
1076
1427
4395
1499
4296
3731
9989
605
7629
2387
6261
9605
2903
6333
6040
1687
5893
5639
7120
2713
1125
7778
3690
3456
8730
3035
5649
5107
9286
3187
9685
5596
8759
2080
5268
7095
764
8898
7600
2787
2234
3776
159
8111
1278
1924
746
7569
2393
6159
1748
4536
154
7239
2352
7288
1522
5103
7475
3659
8712
498
4695
5327
8468
980
6279
5865
9534
5681
6468
2350
1448
9322
7142
3154
5724
1515
5205
4860
2095
106
3073
3984
8077
3624
8939
558
9168
1391
3992
965
6407
4862
2784
1129
610
1071
7635
