3696
6043
1668
6303
5673
3003
2425
3994
3082
3608
2099
1949
280
5752
779
8988
425
7352
1895
9707
8948
4004
7200
4970
7546
3500
4028
3898
8000
2245
3153
102
8873
662
1382
2428
4692
7290
3378
435
9192
950
2540
5556
3398
6845
9410
2227
2393
3495
2624
949
8853
9342
1718
5354
3035
1930
1602
2971
4089
2231
8284
7717
9835
3962
6671
6099
5141
438
4578
3537
4175
8149
1944
3990
1658
9178
3712
5171
5022
3721
2603
8457
3054
1336
4039
6668
4412
5069
8652
5364
8425
5664
921
3412
6287
587
9476
8515
8353
1000
5600
7164
2566
7419
5004
385
9960
454
5780
8751
5385
346
6159
3026
1542
2954
1126
3462
8000
4101
8790
4108
116
479
9115
1777
4359
719
