6679
4746
872
5130
7797
740
739
7788
3349
2501
6905
574
2072
5178
6557
315
4241
2579
2216
2472
6389
6319
6383
5696
5506
6108
5602
9960
1465
140
4788
6201
9155
731
2889
6767
9051
2220
8632
517
5218
4140
7486
6629
998
9485
1673
7980
209
4085
4001
5184
5094
5493
1232
8145
9971
7062
2408
2812
7709
9370
1169
5700
1738
5008
9108
3232
9552
642
3700
517
3124
2914
5181
3996
5552
5930
9102
1995
2368
4996
7162
4888
4752
7802
3456
4332
2987
2535
8978
2085
505
7260
2511
1352
465
3649
1261
976
5631
4032
5546
1084
6986
1454
7044
2936
6401
7338
4513
9211
3756
3706
8276
7822
1416
9450
1136
542
9741
9209
357
9520
9190
7381
3262
2570
1368
3037
7613
273
3444
7650
6859
7897
122
9782
1290
8801
3640
6410
951
1878
5919
7199
4995
674
3683
3485
8281
5752
5301
8676
1381
7066
2299
9447
4978
4515
6142
350
7857
6696
7250
5170
486
3858
7120
142
7041
2259
8555
2847
6226
9490
2104
4106
4995
9039
5409
7389
138
8738
916
7572
3786
8386
9594
6013
9499
2241
5432
918
4369
4048
3207
4282
5382
8599
7309
9637
4950
2337
9135
9814
9346
594
7920
5454
