7283
1072
403
5391
3130
9697
5833
9209
130
2517
286
6559
7350
7154
9322
1297
3973
7467
9670
4486
1360
7976
2364
6491
2824
3949
174
9606
2969
8026
3616
1916
3793
1046
658
1761
1801
4875
6691
3506
6996
8517
7878
2953
133
7434
3089
7917
3387
4777
5817
8984
1976
9962
2247
1599
607
2673
6331
8056
8984
4820
1864
3934
3998
3845
1206
3380
7232
2562
534
8366
8686
199
5809
3760
9004
892
3344
1303
5990
2011
4041
859
9781
841
6436
1556
897
9311
8568
6519
1277
2830
1370
2141
261
1003
1273
6723
127
560
8767
6588
2696
2148
3481
9753
6538
8991
9920
8277
2198
6279
5603
2002
4623
987
709
1551
4768
3729
5588
2759
1605
4310
3110
3802
9701
379
3673
1579
9429
7681
9051
3884
4474
9045
5486
7203
9131
3061
4742
2706
1421
9418
4275
2889
6711
175
8361
9052
1952
8566
5009
6559
7365
7632
5762
4218
