2899
3202
128
7162
8122
8907
9079
8589
4619
5574
7511
4706
2095
6059
6743
1192
8456
2788
9838
3038
5133
527
3363
3632
7051
4941
9212
3239
7554
1653
4260
6614
8901
9401
6349
1309
7179
5310
2495
5946
5674
3441
2634
1508
5699
7549
1866
5872
5133
5867
5330
1520
3429
4934
2890
7356
5939
3731
6071
8732
2636
498
5753
6111
1207
4848
5559
8805
6935
9489
2054
953
1209
475
6322
2922
6653
4185
3881
2648
6134
9134
9656
7039
1921
6652
1653
4431
991
6906
1612
3156
3258
5587
937
8357
3335
7497
602
5555
8880
3375
2055
5401
2932
1320
996
1618
2612
6513
8589
5883
6813
9254
5653
1854
6436
7406
9095
4707
2451
1820
1468
8753
1154
7470
1706
1377
4218
5626
5750
7910
8583
1035
2776
5966
8407
7669
672
1453
7246
8595
4011
7292
2487
4371
1030
8986
4314
7458
8818
2907
7044
7983
289
1266
6756
7641
7373
1556
4147
7626
2844
1674
7172
7520
1830
5943
7041
3275
