4309
497
2974
2327
9573
2372
4734
4302
9006
8317
859
3041
4203
9901
647
3748
4831
4521
9684
6279
1921
520
9704
766
1086
7301
7551
5330
1619
7146
147
7746
2744
1925
5193
7407
2229
4062
7812
9755
4197
270
5306
7401
5618
3844
4311
9706
3153
7758
4741
8706
2689
9738
2380
8101
8145
4278
6062
4165
1116
3649
2654
8013
7593
973
6190
7654
1050
1795
1057
8830
3133
4149
9295
737
8153
2066
917
960
1636
9362
2857
5698
6599
8067
6259
1647
5592
7545
7555
4529
5485
114
4404
8868
1635
4178
9006
2540
1512
5115
3890
6281
7957
3305
5543
912
9003
5403
8438
6883
8408
4721
3213
2371
2456
8381
5855
1237
3003
2172
1152
2606
3357
5607
4248
2778
5805
7580
