679
5366
6165
2978
9546
4226
2178
3371
2767
4012
3371
756
7165
4137
1153
389
2417
6834
9089
885
6734
5692
4204
1746
9766
5714
9376
5187
9814
4322
2640
301
5358
5270
8114
2144
1066
1985
4933
980
1211
6328
9285
1747
8883
8413
9066
6583
7398
8495
4351
5595
2522
2252
6074
6661
3321
2247
7731
5212
8139
9352
7804
9023
7381
3383
4200
4242
1973
9626
2917
8701
4862
8324
3166
2364
2067
4234
9647
360
1076
1332
4320
5379
5973
8716
7300
5523
4754
3770
719
5554
7947
2724
4285
7414
8333
6373
1455
2323
5199
3247
7164
3186
3063
9539
6726
3339
4719
8133
9794
8188
3009
658
7982
1295
3525
2521
6527
5907
5253
8337
8224
1168
740
6039
1890
2104
1958
9894
1230
8461
6200
6744
1686
1034
5244
8061
3994
7507
5095
4736
3287
5285
7879
1714
2961
734
5431
9262
9353
8321
6246
2868
4894
3835
3653
9606
5315
5453
2848
2376
7453
3381
2444
484
6204
3196
796
959
9696
2852
255
6795
7733
8159
4015
5527
1873
8533
2288
3161
4348
9488
2515
6261
9797
6468
4512
144
6526
9301
9653
3671
1269
1871
4104
1049
5660
1072
