9594
5156
6241
1782
6542
501
5664
5446
9155
7505
6811
4854
3964
3108
4906
3705
9284
2902
6616
5892
2416
8391
8376
3127
4007
7498
8054
8529
2136
328
6565
5569
7610
883
7481
5044
2119
9094
6154
9227
7338
9371
1354
6423
2697
2085
698
1465
4624
7570
975
9778
5906
3979
128
8909
7716
4279
3897
5879
5115
4783
3140
9435
6624
5439
8034
1588
910
9756
2354
2410
8360
2073
8183
1166
1590
7838
4531
3696
3546
6478
7679
7452
7151
2080
4233
1664
2279
3420
4094
3584
8035
9184
761
4186
1631
8522
7489
6913
8006
6877
1685
5009
6727
1091
3443
3040
5624
9707
