7860
8883
3151
9132
856
6964
5086
3292
8972
7552
5836
4232
5264
801
4967
1793
8774
907
7588
4201
4989
8866
9588
6381
9788
9639
2223
3306
5677
6680
3355
381
4922
8471
994
8657
8514
8738
2928
4254
500
3289
5129
808
8815
8491
3872
1978
6885
9468
8060
7180
1157
597
5808
8996
9404
5684
6821
7763
3465
8081
8484
4590
8521
5838
8768
3395
9590
3839
6592
165
2373
2745
2437
1720
5330
1476
2610
236
9729
4885
2251
7074
2260
3563
7097
3943
2069
3162
8107
8686
9418
7928
4103
6705
8047
7725
1794
226
1376
8224
7039
9141
3628
5996
3540
5410
5054
1070
4050
848
4007
8279
2552
9710
1352
7202
5863
1339
456
1568
5121
8763
5796
3449
7453
9998
3648
2988
5252
2647
5057
9198
6500
2581
9419
9324
8257
5469
4518
7934
1823
3157
3506
5169
6311
5338
2294
2508
303
8530
4383
9667
6493
4516
2093
8631
2457
6740
9171
1200
9488
2920
843
6290
3470
2104
1073
5645
3369
6846
8816
6856
3424
1687
9903
4452
3696
2343
