6103
9460
6394
8392
3172
4760
5022
980
5002
4097
1981
3902
6400
1926
8034
199
2282
4450
8638
2752
6491
6087
1655
8992
7019
2574
3426
2270
5778
5576
2513
4617
1172
6566
9544
3293
4526
2289
1238
7213
1446
4403
5130
8496
6068
8612
2260
9923
355
1554
9855
4381
9595
2088
1323
1942
896
6189
2594
116
3295
5595
6636
7786
3447
2710
3373
1947
3161
606
2399
8128
9885
4981
9923
8581
4439
8811
5970
1483
3261
3188
4455
6776
148
957
8129
5749
6570
4162
6743
3768
6339
9459
2362
4929
4492
7365
3378
174
7817
9400
9140
3360
3253
376
5979
9147
9295
4469
7246
675
1106
6701
7022
7221
3624
8988
761
4560
1102
8288
4680
8871
3662
5364
1898
9247
389
3739
7633
3072
2230
733
475
5130
4431
2831
4053
9760
4890
5101
5396
1476
1576
5516
3662
8281
9345
6063
9858
1555
4547
6473
2888
7894
4241
8469
4898
452
