7780
6294
651
824
1754
2467
3841
5557
5227
9335
8709
6284
7161
9391
3568
3597
2949
4764
6239
2189
6077
4264
3305
519
546
4236
2338
3899
6816
9306
4753
1095
396
7755
338
5757
5509
5184
4865
4272
5541
5788
4814
7579
9846
7552
6164
1252
421
3696
112
3828
9821
8995
1348
6571
3512
3213
4854
2151
636
8211
9790
737
6800
540
5429
760
8739
4009
5111
7023
6685
9405
5748
9724
9142
331
7862
3353
2537
9406
2412
5572
7862
1938
9957
6193
4974
7138
8620
202
4952
7951
9494
5069
8234
7705
1621
7206
4955
7030
2297
8637
7157
5893
2612
609
5319
7119
3211
9362
3967
4845
1709
8262
8094
8233
736
7015
551
1738
9160
4713
2001
1798
7135
5758
1691
2121
3833
8749
7177
6271
3045
3651
5176
5349
4876
1600
5023
8165
1768
1032
2867
6778
5505
9635
6486
1760
724
8378
3751
9458
1685
1094
1190
4682
2912
4659
1177
1170
1574
6651
854
502
5382
3166
1593
8933
5695
6545
1972
8572
644
246
6627
3351
3896
8497
8598
3774
9827
6492
8408
8705
2890
2145
9649
6879
