1580
3719
3197
9512
6806
5010
7665
1706
3380
3853
5319
1933
7766
6125
3612
4083
687
1577
1672
9282
6470
9295
2325
9841
4040
9227
7747
694
6595
4478
5690
1565
8983
4307
9880
4199
3411
8078
9927
7589
6756
6432
6375
1710
1366
3631
5220
1446
8926
4588
8136
7899
2588
8394
4109
5749
979
5530
7329
6909
8059
4202
9351
6308
2111
4991
194
893
6831
7847
2613
7806
1261
5116
8538
5762
3153
6044
8697
9119
5971
8442
9786
4774
6514
5223
7557
669
5326
8519
7524
7839
6664
3818
3404
4065
9676
3593
4667
7113
5651
6230
4910
5909
1616
9938
3220
2822
4952
3488
