9951
1347
933
3019
8895
2371
927
7387
216
6737
9386
5216
2792
2837
6807
7314
3391
2499
705
7697
7753
8517
8190
8860
1425
9091
8225
8000
5234
5261
3540
3848
1533
4567
9466
491
4618
8685
5369
4272
5659
7985
2173
6385
1661
6504
7848
2074
7487
6685
9395
1849
765
469
3569
6052
3090
2440
2780
1124
1646
1141
4124
5412
6853
2560
6756
215
4965
8789
5140
5214
7274
8669
314
5360
2530
9145
5479
5718
7394
7505
9554
5734
1294
1228
943
8595
4678
3940
1650
7303
5449
4161
1219
4586
9511
4873
5530
6487
5638
9372
3587
1513
1790
9476
9153
2567
7331
6989
9299
6326
7954
1110
5626
8710
9851
5911
7859
6689
2443
7521
7164
8953
5264
3495
252
988
6399
6779
5455
8639
785
5766
729
7621
2674
8079
7707
5085
958
6936
3869
3901
4654
9048
3238
1613
3873
5598
1833
8399
6654
8782
2534
3144
5126
3031
5061
8772
1757
8603
204
1829
4010
7850
8296
4209
4820
6838
5448
2404
7023
7144
7912
5470
9646
5052
805
4894
4186
7310
2376
6955
7778
8839
9148
3753
5080
3725
6873
2964
9231
2248
5568
9254
2260
1675
9876
7681
5433
1324
511
3407
1516
8563
420
1762
7792
1232
3441
1869
9992
8547
2531
3573
8049
9643
6601
1956
5207
1071
615
5980
453
4526
5096
9337
4766
1688
