6955
9339
2396
4629
3904
3873
8489
8954
4263
6243
2469
1017
3676
5847
2800
1641
3565
3321
5202
4990
1273
364
5080
2654
2450
4463
8036
3507
5569
2424
6111
3965
8596
2486
9391
6210
1215
5041
5024
8006
8183
401
3821
7401
7751
853
9935
6796
1580
1578
4323
5595
6196
2264
480
9226
8316
9894
7390
7507
236
4535
9210
5374
6474
283
7918
4075
4381
795
7009
4909
7055
3956
2975
2751
7975
3279
4891
8884
4116
8828
1824
5426
4846
8903
3170
9233
8726
1078
2218
4222
4275
5118
885
7875
934
690
4855
9290
7211
4099
9434
3925
8616
1585
717
5286
5810
4867
5686
4483
4694
4899
8339
1624
4957
7381
3220
3500
1947
5868
6776
1635
7840
6064
7610
9705
7967
2019
2451
3270
8341
4553
8462
7142
3021
5080
118
8111
8291
8164
9996
9079
5233
2346
3298
828
7203
9901
8321
2400
302
4103
667
1060
1882
1486
3861
7289
1722
1819
8182
591
7236
465
1955
1205
4845
4569
1459
7137
2140
2197
7887
6472
7233
1480
8173
1449
7391
4228
8176
4583
7643
4642
3366
817
3241
8825
2463
3280
3725
9527
3077
2462
4576
5366
5425
8948
4420
807
3575
3128
7987
8142
3181
6560
8553
6907
8697
9627
7763
5795
6240
5989
8016
2889
2473
3236
7226
6156
5405
1540
8835
8440
9745
430
3242
3013
5484
5594
4673
5603
2652
1004
4738
3235
6514
8125
3579
7185
4440
3572
7789
2625
5572
9750
9737
5824
