5089
2748
5392
1820
9876
5725
3528
6647
9244
7815
1415
8603
6900
9421
7585
5063
2405
5513
4002
6284
8510
6752
5030
3656
7755
1758
986
3340
4948
8449
9498
2051
2557
290
2732
7736
950
784
6954
7479
2472
6068
9253
5295
3777
8671
2073
3102
3760
7612
1047
2436
3608
3047
4866
4049
7614
7948
6131
2326
1934
901
1981
5065
6061
3870
2863
7010
1610
5471
9548
4383
3789
2170
1390
3095
5204
5396
9228
1335
7379
8724
3032
9045
463
6299
1382
4828
8373
7078
8294
579
6663
3498
7299
2061
9645
7242
9522
2450
4412
8346
9529
2442
6349
5367
7733
670
7638
1900
9776
8183
6080
2006
3560
1139
6319
1941
5783
3743
