5190
6395
3674
8128
8939
884
8187
9548
9204
5348
4331
9628
3401
8337
6788
7702
1441
4944
7847
5777
8375
9898
9572
1040
7181
8298
6714
8220
1090
9257
2747
8720
3484
4076
2444
1492
466
3267
7080
2146
4479
2358
6244
4157
9755
1809
7809
7763
1288
8888
3325
5869
937
3209
4697
2940
7137
6505
8101
8272
7924
4017
2430
5051
4552
3126
6527
1098
371
6922
4150
7232
3323
1579
456
601
352
8184
9299
9519
9423
3259
7760
9184
9794
2605
7426
821
4315
7547
1514
3671
8749
7226
2493
5713
1812
8510
315
2459
2763
615
431
9435
3446
7223
8462
3895
3338
4536
5465
7726
2541
8350
688
8618
2381
9349
1448
2317
999
8301
971
1843
5934
7904
444
5855
4242
1819
9945
1932
3787
8023
3822
2506
9566
8360
2321
8646
7487
5048
6838
5833
6370
7446
5442
4012
9924
4773
2781
958
2488
5599
1514
8541
5210
7568
5211
2631
9897
2768
5658
1997
3170
8111
1354
8785
7064
9887
