9972
5837
9043
2310
190
2820
4895
8160
2129
8780
2949
5758
5041
7826
9311
9314
9402
9781
7747
1078
8258
7070
8412
2696
4793
3085
5840
132
3126
2630
3411
8584
4654
1887
8370
2919
5544
3912
4211
8900
3673
3218
7611
2878
1013
4346
9333
3600
7428
9051
4041
344
7057
5510
5183
437
6882
8989
864
4489
9067
8883
7725
3886
6217
7872
8703
3734
6352
4948
6610
5032
8346
7665
5348
7500
663
9593
5320
1274
5686
5128
8994
2686
4800
6485
3423
5998
8824
8641
917
4671
5133
5982
6891
2938
5017
6397
5399
1565
9863
9288
2103
208
8580
3214
8777
7659
4703
7234
492
2257
7815
1531
4155
4756
7474
6841
4477
6981
6568
7063
8956
1788
8650
3651
293
9580
9597
6764
7159
4448
2171
1798
7827
1653
4545
2348
606
760
