1596
1417
8618
2468
2177
5839
8798
7822
7027
1052
551
3905
2171
3910
7192
7390
5435
906
1666
5605
5819
3398
3800
3005
9635
1032
1946
4971
7399
9713
4091
7837
8419
5690
464
6388
4481
6292
8120
8765
3075
3589
7743
9446
6466
6550
1689
2125
5967
799
4274
1631
8085
5005
4791
2692
4165
4865
2069
8361
7152
9709
4035
9342
3592
6399
3938
7696
3058
7939
3367
8978
1713
6449
9598
7568
3196
6766
7969
1110
1509
8033
3864
3998
292
6816
2856
9935
6315
5189
2849
442
4383
4652
1900
9466
4539
3496
6856
4063
392
9696
8048
1835
3303
738
3215
1217
4008
2120
6094
5915
2675
8618
2157
7691
7532
9372
7730
5740
5348
7066
4641
6740
2297
1570
5193
3123
5797
7635
