3460
6820
8530
2590
375
4641
6352
5735
7004
9840
2365
6866
7702
1452
1843
2486
7095
6015
8063
7924
6550
7231
4280
8857
4135
2499
209
3203
4433
795
411
4747
3910
9427
5929
1143
9054
6710
4699
5011
6419
4836
308
9136
3252
8553
8261
1942
522
1040
7396
7558
6696
4674
3119
2097
1425
8062
5838
9409
7771
9349
6257
3707
5618
8213
9061
8405
567
1272
1502
1369
8212
918
6709
7062
4736
272
901
6075
8143
3006
8415
4881
4925
1731
482
808
5502
499
6281
6477
1637
4179
5401
1142
4313
4560
5888
2336
2414
1180
5963
5884
2724
2208
7438
2708
2752
7831
4471
8971
8572
7602
8193
6721
2763
6128
3689
5048
2726
2248
6773
6715
2399
8059
2999
5853
8231
9991
2706
7059
9919
4586
7556
5336
6006
8115
9877
7417
7803
7650
4113
9434
5042
1798
9831
8328
496
4244
8028
7043
4192
6459
1274
3079
8506
3768
8717
2988
2237
9323
6322
7744
3875
1760
4450
6186
8548
4096
5665
6662
1762
1759
4323
9783
3540
5643
8233
9528
4225
5072
4593
9560
4884
4118
3599
551
5084
5309
4960
721
3255
9971
4316
9154
6505
9371
2563
6038
6706
3216
3466
6537
4076
1745
9490
8795
9164
332
