5792
5984
3528
7728
8448
4868
4482
2521
2111
1582
3227
1971
3205
6514
4683
9097
2188
6702
220
4886
608
6194
8078
7144
5118
777
1301
9401
496
7971
5318
6016
8263
119
405
8857
9002
7364
6352
7165
2378
2780
4041
1156
8992
4578
2576
6649
6844
1060
1066
9896
6177
7956
5832
745
4181
9942
2900
9152
1806
8826
5055
7992
3079
6953
2548
9890
1960
852
5270
1486
2385
7931
940
3180
9058
7542
3500
9785
8963
856
3696
1154
4364
2727
7464
6108
5622
3850
1092
8406
5857
7538
3532
4006
526
8964
6666
4320
2621
1781
1077
1673
1853
5494
6891
4343
4003
3271
3149
8887
7729
6851
8689
2381
1818
4189
3756
4218
