4222
4702
5844
8542
8041
9215
6766
9899
8742
9306
5458
5202
7618
8224
5811
6392
1926
2705
6848
5030
4604
3356
4264
9447
7821
6334
8070
7207
9368
7999
9583
8516
8860
3564
4725
9844
3869
566
7666
2141
2809
3347
1682
5996
7335
5953
1482
9184
302
6442
8227
203
6163
2109
4471
3198
9978
107
6713
3842
8403
7146
2602
7009
8305
927
4316
1751
2445
1761
245
2329
5170
4595
907
9756
9821
4411
4235
4574
4829
9892
8718
429
6846
3532
5006
2846
6577
4424
2769
5647
7819
3025
6796
3074
1965
6203
7471
7706
2482
127
9963
3713
878
1704
6331
6557
2667
9197
1874
2981
9862
1609
9747
9732
7919
1804
2261
9752
6336
118
6394
2086
1632
4678
5405
4444
1935
6932
