9100
127
2327
3306
5931
4042
7374
1845
882
8609
7698
2436
5998
8601
3774
6403
7135
3632
5839
9207
3230
1016
1890
5587
8423
1071
4090
3210
9957
7949
1435
4861
5505
5023
5995
5108
2080
6409
3576
7629
8114
6595
6361
9421
5065
8784
8440
1497
7769
6410
8950
3235
1704
9571
2039
8757
3688
3215
1746
4038
6851
5478
5705
9241
5683
4674
8264
3738
865
465
3594
9236
9781
984
6287
7883
7329
7370
5137
3555
4888
9226
7904
7890
2685
4874
3097
775
2335
808
2040
6093
9719
1726
2252
7883
9881
6430
5974
1078
4433
2386
1048
8511
410
2356
5430
9903
1520
1896
7651
4842
4959
4421
7325
7073
1606
5682
1043
816
6833
876
8349
169
9918
3724
803
3784
6551
4657
3417
9406
7874
373
6213
3367
830
6574
3105
9358
4904
8287
3361
151
1036
2097
3480
5467
8961
3443
3271
5641
3410
5271
2668
2087
936
9019
7131
8689
9509
5712
8711
8787
5656
5628
7496
3951
7668
4030
5374
8710
2557
6683
9484
6559
9341
8895
6481
5741
5541
7378
708
7141
2624
4603
7761
2481
5414
6999
4955
9413
6415
5030
5882
8566
2581
1489
8492
406
7731
6552
9522
2200
6021
4016
8033
4679
2046
4043
