7398
5791
8233
8024
1293
6294
1737
8071
3549
4131
8975
7980
3997
5659
7599
209
9962
3627
4972
5725
8446
3570
3100
619
6754
3645
8434
5842
9176
5871
5395
8858
6745
1695
2247
448
5954
5344
8635
5426
4587
5387
3499
5973
6925
2870
819
8935
8753
4140
6340
2247
9293
7169
4195
2929
4819
5609
6672
6812
772
7249
6096
2730
2406
3559
7942
9300
6629
442
3149
3723
5210
7770
1424
3127
9669
8085
7842
868
4012
7335
4108
1342
4372
393
1087
2565
8416
3779
7040
8431
7927
7823
5192
6148
3612
8756
2553
4095
5884
7404
2913
2562
5526
2335
3715
2837
9544
9014
2783
7258
938
9548
6091
2076
6093
9937
6856
2517
3058
3523
5490
1489
5224
5060
6616
1672
1315
7103
2651
3041
7610
7245
3491
2277
7104
8331
2741
1672
5332
3946
4358
7254
4936
8354
8994
592
2435
9567
9270
1825
6953
103
8881
9556
2347
4412
2452
444
4057
7412
8064
6808
4547
5317
2734
2379
2294
5287
9375
3602
5329
2531
9543
8763
1875
1262
7506
6206
