1482
2245
9260
7726
4841
3638
747
2901
6928
3926
7598
5334
6673
6165
9676
5397
949
3357
7305
7514
8427
3633
7999
1804
3563
5366
8706
5752
7613
6345
6119
5401
2041
5400
1634
2228
822
6154
6621
3781
5002
2610
353
246
4679
6524
3766
8759
8133
8367
3491
8227
5099
2501
1736
3382
737
9972
7035
3997
5271
6423
8013
2173
5386
8092
9774
6367
6161
1880
5891
8908
1220
1111
4277
3428
7643
990
7190
1798
2974
1112
1181
4023
4337
3156
671
9733
1291
3282
1275
6386
7415
5104
6477
2131
7984
2115
4799
2385
9436
2779
7240
9835
6896
8896
6912
612
6223
776
1968
6994
2424
623
977
2781
5696
9886
8769
1883
5089
664
2445
5420
7821
2695
3380
839
5526
1957
4959
9276
8128
7103
7282
1930
4343
8634
3068
9617
5344
3389
1221
1396
5140
876
3548
2933
4828
8560
