5622
5214
2974
9093
1515
6712
7070
2615
5127
1139
1529
6493
2330
638
3124
4771
1913
6355
6906
4031
583
5811
1677
4228
2464
5051
2239
2373
2447
7343
7700
6717
3248
1045
9724
4995
8362
789
8946
6426
4084
3318
9993
5357
343
5452
2543
4538
6712
474
4118
8017
8934
7292
5139
2873
3647
5908
5432
3452
361
4090
6103
1790
1167
2231
2483
6077
2146
7114
7079
8700
386
8948
8874
979
5036
8159
6117
1307
9512
1236
643
3606
7201
4882
6477
5785
6351
7054
397
5648
3527
8968
1958
8727
9656
9726
1414
8687
6201
4961
2247
3558
9304
7365
5468
3331
6772
4359
2392
4624
5359
8094
6202
4737
8315
2556
4520
7210
2322
7077
2055
5474
2343
3806
5360
1837
1292
6015
5644
8988
700
9025
4210
5430
417
3766
6068
6495
