3651
7160
9210
1563
6676
2668
7881
8540
7948
2947
8045
1300
1389
2213
8506
9828
8111
1200
8435
6831
9965
4917
5952
473
301
9437
7889
439
7484
8276
6458
6090
2427
5959
7916
8292
3309
4231
4862
2375
572
8509
1826
8918
5454
8776
3958
2353
8536
8713
8775
2688
1911
3728
9851
2869
3748
2646
3009
2653
5474
301
5039
9132
2949
2640
6124
1267
9698
5967
9793
7947
6485
5865
4484
1438
4891
7838
3072
2575
9124
2425
5329
1440
6362
5673
7556
8508
5820
2677
2521
3878
2136
9712
5047
4986
7000
5922
9174
4112
2088
196
7135
1309
7304
6841
2414
2468
6812
9781
772
2599
7926
4115
4406
8825
3691
6236
2823
3307
5275
2275
3699
4485
5758
6984
2820
9498
7634
4277
6694
6904
841
7234
1039
6597
6906
6282
3703
3003
