4445
4910
4515
1821
9088
2340
6161
6672
8235
5781
2964
8472
8165
9164
3694
6605
7516
3606
737
7397
2973
3479
3123
8443
8506
7059
3644
9290
4948
6288
1794
4068
1111
1894
9377
7387
1578
7879
5442
5363
9985
8814
7623
5751
9065
3776
1318
6151
1233
2726
3095
1107
1455
7942
1934
6403
1137
7532
2097
8005
5416
2667
1030
4402
2243
239
7055
3901
7192
8274
9112
2263
9928
9999
1709
1864
4570
2322
6380
2948
7844
3692
3558
1375
7641
6619
8544
6501
9148
168
1353
1377
3514
1800
129
1371
6463
4599
3461
6636
8607
5060
6891
1792
6920
681
1849
435
9368
4105
6278
2285
5603
9590
270
2647
6092
3556
8147
4173
7968
9667
5634
4643
8581
9315
4724
5199
1417
4173
7433
3450
8342
9388
6102
6637
1686
1315
498
9693
7522
9358
4759
8777
9941
8158
498
8674
2615
4288
2791
1958
8130
7916
8975
6366
3524
6203
1213
2467
8081
4010
4393
8398
235
6855
138
2465
7495
856
8833
8806
9817
7773
3722
8266
8891
7677
7901
3140
7262
6682
2717
4102
3982
6290
1121
682
8917
9181
6617
8247
5576
503
2641
2346
1948
8582
5584
8724
