432
2819
8743
2277
5476
7679
7834
4613
9107
8239
253
6046
2759
5538
9855
6850
5704
4827
4559
6436
4018
3785
8227
4475
2636
1724
7925
6358
9280
3042
8500
1592
7155
986
7701
7943
1701
3479
7190
8845
2770
9778
4497
1016
5318
1370
3841
3530
5917
3302
6043
6615
4238
1947
7626
8871
3044
5539
3659
5827
9735
3235
5327
7700
7719
1045
3126
7145
6281
9802
7041
658
4438
4734
7665
6697
5002
6727
4094
2212
4716
679
502
4752
6821
1829
2568
1689
1071
6908
7035
737
4485
2825
8180
2987
1696
930
326
490
4997
7885
8375
8442
7573
929
6179
9681
5032
2502
2762
5450
8885
4572
7107
3389
3924
4148
3208
1443
