8840
727
1253
4876
1366
4203
5327
600
6450
7114
6981
2233
2356
9163
9778
1854
2633
4042
706
268
9714
8915
4894
418
2888
7205
4036
1813
8569
7133
5824
5211
9818
7419
8022
3179
9854
7740
1404
8262
5355
4801
9465
232
4432
725
4982
6227
1606
8449
5989
120
3115
1803
3251
7115
9945
5222
3020
5647
3330
7539
3156
2687
6979
2373
1719
462
5713
8014
1051
9479
7876
5066
3486
2769
4733
3696
9949
6701
3137
4138
3616
5842
8233
3827
7700
4478
8706
3600
9242
673
1073
364
4870
148
473
8568
8168
8794
2670
5252
6882
8535
1505
8709
552
6157
2695
459
2322
926
4983
7421
7044
5955
1657
3964
1546
9995
2759
284
4396
6815
5801
2025
3199
5541
7386
8411
2161
8291
5590
5958
9373
1752
5109
4918
4053
2326
5876
2715
1767
2581
3178
4779
7631
6301
1978
6485
1474
3500
8797
3582
4795
6061
2407
8009
1022
9109
8503
8124
555
4249
796
9587
3723
4661
3128
4531
9030
477
7206
3800
6072
3286
3747
3752
5590
9170
102
5632
1003
5785
6293
8766
4937
9688
5188
2700
