7593
8212
1405
9999
5068
6063
4434
241
463
7010
7991
2200
7596
1472
3950
368
2354
5875
6254
4688
6227
7486
8677
9116
4063
2667
855
9928
6828
9628
8897
5156
8275
9738
5381
7628
9724
7450
5768
2392
2080
398
150
9226
9063
4254
2730
4586
3073
2015
9554
6085
5012
5318
659
1229
3610
7663
4413
429
8845
1752
9250
464
3326
5771
1587
1810
1882
2603
4806
5715
4190
8837
7662
9617
9818
747
3683
148
5988
3399
1642
5892
2521
379
4291
4140
5289
4698
205
2326
136
5815
2808
1892
8930
1664
7407
4060
4516
4565
7397
1719
7601
366
8112
4629
6881
4097
6251
5438
1797
3969
7898
9771
9323
3955
8951
4510
