1178
3047
563
8457
5969
691
6531
4619
171
1321
6573
4416
9318
3691
3816
1271
7414
5265
9339
432
9407
5337
4739
4967
8692
9749
5219
7441
9361
8157
2250
2601
9307
3921
8934
6756
410
7936
3953
749
9631
1208
1658
2335
9244
4336
9020
7894
2851
8389
2144
9111
8940
4770
8518
7098
1556
3688
1988
5214
8883
7180
8259
3441
8721
5250
3620
6388
9019
5604
7534
3848
2870
9811
9466
357
4316
1852
8149
9423
2073
5988
8016
6402
8141
2619
1892
795
2910
5681
3313
6292
1937
3920
5946
8117
1259
6212
6418
2143
1394
7208
846
248
5719
6042
5117
9136
9300
2085
5741
6942
6408
7199
5977
5511
3395
4415
5119
4600
2810
7255
4524
2190
8644
5446
780
6305
3974
1174
3609
6884
511
5421
4541
6955
1514
7393
9107
5835
505
2047
1933
5191
2991
8690
4428
6865
5957
4399
9941
9360
8047
429
3368
1768
3573
9686
3741
8219
867
3912
8633
7995
657
3266
1186
6600
1972
731
3125
9690
8059
4588
1985
8665
4120
5875
5688
4643
2686
1921
1285
1404
2137
7107
1024
3605
7481
4792
1480
854
6158
2364
6969
2123
4675
7847
260
9161
