9319
3757
1883
9257
9462
7241
8052
1967
3815
7388
5779
1527
5075
779
1663
6087
9100
3566
825
216
8927
2537
1198
3529
2966
5201
1132
9764
5779
9835
3163
8008
8959
1974
7769
9665
6352
3154
8740
5603
7068
7176
6151
3777
9826
3977
7044
1510
3778
7661
8688
2242
7005
659
320
5696
5016
8145
4522
3211
848
5033
119
2827
5850
4308
6169
7350
5016
7378
659
4827
287
3561
6854
3132
6418
4790
4860
6761
1510
9380
783
7983
3494
6666
4512
7588
248
1890
1984
816
2105
307
5721
5132
1649
943
5306
5146
6720
1512
4283
6208
3255
7500
2610
8975
5222
4700
2221
9367
4654
5661
2327
545
3305
5466
5029
4117
9035
6478
8035
6700
2984
6848
1692
1227
585
5054
6566
6663
147
3483
7768
8560
1729
1476
7501
9201
9838
1208
2688
9250
4792
5830
6365
7648
9415
502
9518
8087
9927
3345
1002
731
4318
910
3766
5397
9769
6956
5664
2855
1943
855
508
2220
9646
558
8049
6962
8232
4509
4332
3827
1850
321
3343
6750
