5410
9737
1891
3088
5454
1127
6444
3788
9484
9556
8755
6305
7847
6152
8131
4308
6631
7548
2864
371
5487
3767
6554
8529
8085
5627
7725
502
7848
7532
7765
8346
3058
3774
7821
5759
5450
309
1043
6085
2560
4431
2585
5752
2362
5625
4502
9794
1195
7455
8915
7414
4518
4500
4030
623
6951
3165
625
9328
3272
2301
1370
9978
4657
426
9502
1319
1365
9095
9120
5999
1013
2539
2907
4485
2807
9263
1890
2677
6767
8396
8364
5429
8763
140
5900
3633
2852
7049
168
9939
8484
3920
2094
8598
7587
3824
3779
4808
3561
4361
4070
495
1442
4122
7859
4757
1457
9505
3375
4918
3690
346
6607
5253
9632
555
3597
1202
952
413
8668
2206
2635
6645
6941
5988
3648
5997
