3940
7978
1241
8450
4123
871
5874
6816
7954
473
7397
3741
5533
6503
319
8943
7569
4720
146
3617
8139
4471
1562
3333
972
3219
8550
2327
4813
4241
5103
5591
2927
8320
9892
6196
1764
8824
6900
5120
8078
6736
3003
3740
4250
1932
2923
7024
2720
7430
378
9176
2181
2180
6530
2786
6817
2430
2658
1573
2635
9900
6908
9443
8170
3352
7922
3758
6382
1180
3209
3663
8426
2146
7875
446
6247
4420
4875
7833
6082
3118
1598
1617
2112
4521
4335
9685
1292
8262
6428
6949
4702
6487
6598
2290
2592
6825
5691
7528
9957
8662
7468
9673
9145
7831
536
9510
7605
7212
6245
3096
1985
6116
4595
4415
1319
6017
2720
1433
7117
7959
3725
6682
9906
2438
4376
5746
238
1087
7026
7770
3885
8009
7058
2853
2525
6895
5140
1124
2943
376
3609
585
4819
916
6707
2267
1039
5356
4800
8643
6885
2947
461
923
7690
2245
6118
8579
3967
5833
6044
8144
6124
6737
8385
4908
769
9174
8619
4280
7945
5469
4136
9744
9588
3678
2437
3065
7510
7548
5456
170
1533
1092
6350
1858
8530
9581
6649
1423
1421
8398
8889
2587
9879
8085
5536
6430
