688
6321
5133
1971
8306
9823
5968
1611
5425
2444
4727
7937
7253
8744
9275
6639
5450
7463
587
5228
1022
2504
5001
1836
8518
4237
6799
3871
3879
8652
8188
1852
9027
6285
9661
1423
2489
8797
7871
1898
9932
2048
3367
9281
626
2478
327
4643
3584
2313
3356
3021
5897
4999
9231
6972
2747
7240
5640
5472
2676
9748
5591
7818
1995
4108
3353
7496
3884
751
698
4779
5753
4257
8945
9968
7619
1585
5349
7564
8648
7846
2887
1071
2572
9977
5179
1814
4056
178
1000
2456
1687
1399
602
669
1242
4913
1805
3534
3423
5833
9659
7667
8312
3143
1100
8948
1232
620
6296
8894
103
2474
5531
6228
3033
5876
9471
5871
3171
6965
4292
691
3077
537
6430
6440
2972
1107
3047
8865
8880
6421
4015
8541
1459
6811
8168
3380
860
5211
9446
5204
432
9695
3996
4749
1532
367
