3497
1742
8890
1351
2642
6965
5855
9418
5857
7396
7912
2254
8931
813
4547
3598
4621
3049
7124
1540
7078
4346
8219
6404
3101
1396
4508
6838
5266
6849
1187
2010
7395
8853
9824
6701
753
7191
2465
736
9808
1556
1594
3012
6811
7952
9597
3624
2496
3787
6259
4077
7298
4256
3800
3326
9999
6563
1708
962
9241
2969
5793
9040
5189
3705
8746
6757
2763
9258
7334
8074
7825
5099
2090
1873
1463
6126
8632
3669
2032
8192
7945
4371
1640
2452
6799
4212
3676
119
131
1181
6979
2487
3960
836
7927
4877
6521
1062
296
1922
3480
7121
4536
986
903
1651
5429
229
421
6650
6206
4346
4085
5507
9408
6053
8096
1356
2574
9328
1164
2225
6767
4257
2096
2733
1808
8895
9277
5781
8440
570
1598
3501
4538
5750
4931
1820
8500
6745
7688
9041
6877
574
8020
7277
550
8629
665
7489
8537
863
2592
5040
9191
2116
7930
3312
