8170
1139
8143
7331
8293
9477
8828
7342
8435
6059
8519
3226
1212
4564
1560
1633
9072
1515
4911
3363
4447
4934
8000
8503
6584
2716
5023
3178
5568
9391
6206
4650
248
5698
2641
2978
208
9173
6313
3460
8738
5398
9955
4133
7585
6733
2893
6726
2128
1418
238
5825
6286
1860
3455
7652
514
6822
4291
9946
8769
4702
7024
4605
5493
5669
1760
3645
4862
6346
4705
6823
4793
2770
5233
7222
2589
4972
5485
2196
4364
7802
2036
5518
2045
7517
1886
3386
1570
2999
3818
3823
5367
1267
2818
1632
4015
8570
5283
9591
6400
5910
5292
6376
5396
3953
488
7734
1180
7676
228
7681
8990
2996
7146
6026
4301
6761
8998
5144
4424
3132
590
9109
4761
5210
5642
3530
4375
5558
4201
3117
2777
226
7293
9494
3019
3696
9117
8480
4936
4054
5849
209
1920
5317
8549
2972
5685
1301
233
7842
1420
442
9880
387
3637
167
1076
5379
263
1535
9657
868
9350
9734
5417
9393
7939
999
243
4733
273
1170
3972
1772
6914
3755
655
4212
