6956
6115
2970
4026
4635
655
8991
9905
3595
4630
6083
2098
5798
3299
4166
7007
2925
4298
4889
7365
7745
9187
1141
5687
8524
6217
5717
8035
7318
3255
3008
9733
1533
6974
2191
8059
627
5023
8721
7352
7951
2115
2146
7041
5918
8991
3117
5873
7445
5094
5232
7131
9700
1361
5367
8969
9097
8490
5570
3065
8739
3833
6471
6543
5354
2168
3272
9581
1942
6553
1397
3998
5880
8650
962
5714
8629
7632
1114
4950
7101
4834
7147
2528
5681
6429
4230
9010
3440
2708
2709
9633
5992
7443
8212
7647
3906
3252
6093
8635
8491
4924
8965
2224
6414
5711
770
1595
2541
9340
4810
2709
8806
2525
5546
7054
7834
7201
460
2142
4567
9580
8577
4032
970
1937
7367
477
5801
4673
8587
8566
2435
5587
2554
8372
3424
1283
4949
9158
6015
3244
4926
9130
2207
438
7819
4914
6522
2982
9194
6236
7688
5340
3684
3627
8620
1895
4420
959
