6391
4065
4818
1250
9818
5449
529
8786
2907
8441
3357
9297
4712
3575
7838
3108
4771
8681
9485
7085
904
6109
2622
9127
357
9571
9316
8577
6470
5826
282
7549
6242
4137
4263
1581
8704
5955
4972
1981
2276
4659
2472
6229
1184
459
4890
8867
2240
706
2488
2517
9007
2403
6710
5612
7157
5175
4522
1603
6648
9965
3153
8080
3715
5020
7128
3071
7447
2051
5692
1878
8733
2516
8915
6422
2301
5765
3756
3099
1416
3447
7059
2407
7907
7743
8046
8567
7569
8967
