7262
8512
2709
1252
6282
4308
481
1938
6560
4453
8154
6066
2341
4565
1416
2658
687
8275
1265
2862
6309
8166
4198
4132
586
4099
2645
2978
5108
7955
8193
7108
4305
1973
5367
9301
7865
6455
1947
2620
1201
1793
7650
5465
6646
2745
9032
5439
8048
4593
845
7175
2745
7136
6431
9584
9708
9407
7450
6427
5537
1475
4978
2028
1230
5075
7661
8327
610
5076
2966
752
9892
5378
6098
9704
6122
543
710
5450
7922
6637
2236
7308
7672
5890
3534
4400
9509
6837
5564
3409
2539
635
8449
3255
1100
1495
8749
7294
4730
5894
9275
6747
2429
2411
1642
3127
4411
3852
