1485
1336
1093
7194
2861
9225
488
2930
3210
6829
4573
3825
8927
6704
1047
3510
2357
3773
1507
3326
622
7644
3319
5367
724
7753
8662
8242
7164
1301
2745
7707
7144
346
1445
8178
2958
4461
1638
8661
8796
9082
3546
2841
3992
6361
2641
9990
8565
1220
6267
2699
9763
800
7396
1952
6889
8186
9014
9943
7536
524
9929
877
5169
8610
4053
382
8301
7074
6541
529
4583
4993
6596
3663
5847
5160
2711
2473
3804
8649
1460
7145
9949
3059
9040
3798
3554
9621
1421
1037
955
2572
896
7671
1435
9280
3954
816
1063
9883
4129
6253
8643
3552
2365
1987
4204
3846
7333
365
5982
6659
8710
5514
4938
5120
3715
2464
485
2188
5539
4320
4968
3881
665
4697
235
1909
4320
2141
2827
5372
7899
4425
2452
6694
9181
1756
