7578
3614
5507
4998
2415
1035
1709
7883
5705
3521
2427
9758
7490
1966
2273
268
3492
461
2050
7627
9960
3067
4949
1824
103
5687
7714
1333
2359
761
4067
4653
4660
8923
4982
7853
970
9303
5325
9114
2252
6112
8189
659
3538
595
9520
3209
7351
8015
3657
1405
1812
9934
9886
1940
3914
4422
1061
4043
7648
9342
9274
3020
8854
8553
4895
7954
6775
7162
8424
1240
969
123
6003
7902
4317
5437
6644
9449
4058
4450
9807
8476
9418
4681
3951
9404
7048
1803
3132
1660
6300
9860
3455
1871
822
1475
2978
2726
9402
7225
4759
6442
7536
6398
5177
2239
9025
9030
5366
5058
4247
1356
6085
9728
9292
7454
4950
3400
3477
6249
7618
5262
2106
9593
5110
2004
8504
6399
4664
6770
4259
3750
9591
9926
2694
1733
4218
8705
2251
1454
191
7794
1614
5252
6570
9121
3461
5010
9205
6940
4381
5720
5912
9436
3605
7110
2178
5968
3428
4430
7229
1301
4124
5240
7467
924
5583
7877
