6065
3122
4678
5407
5958
2031
3782
150
724
109
8106
5725
8137
9781
4066
1792
6131
5528
8945
8743
1600
1647
8473
9156
4834
8556
6098
848
7546
7731
1747
7026
3515
6715
6578
5858
8515
3889
9386
728
746
4659
1721
8781
128
5182
9643
9685
9255
348
9013
3236
5517
385
6718
8868
6632
3638
5968
4308
1823
3915
8246
5469
3896
7113
9779
1372
7728
4430
2257
4723
1889
4023
3010
1385
3076
8589
272
9933
7898
8184
3782
6740
7729
9897
8247
9027
5810
4483
1336
9464
1735
4166
5145
7500
5329
7664
1205
1481
9445
1399
8190
4311
4755
8596
2363
4938
1582
7163
9666
5087
7036
1377
513
1246
1913
6961
5003
9309
6369
7746
4901
3994
6681
456
8931
653
550
8948
4791
3827
5822
6661
2641
8216
4477
245
1562
4526
