911
187
6402
8708
5728
7636
455
9886
9440
8028
6933
1653
9191
6009
9176
3391
5605
4384
8848
6078
5719
4329
6738
1217
1648
1993
9950
2841
9103
8590
3490
8882
1651
4453
226
2377
4974
3236
1403
8439
4525
1824
1792
8619
4829
5152
5358
9041
9142
5033
5984
4794
7384
9978
5776
2024
5931
2839
5072
8304
2328
3791
9046
3164
8407
590
1410
7374
4733
4190
6620
9834
4052
8557
5805
892
4415
2371
6871
8167
8037
6890
7986
7811
5188
7866
3681
6804
5841
4402
5850
8171
6091
4252
6683
4538
782
8405
9354
3895
1214
7670
1017
8652
7559
2835
9470
4689
1569
336
3979
8923
4303
3194
277
3920
9553
9315
3946
5279
1344
2026
2007
7009
3072
5901
4153
6540
1398
3057
