4969
6920
8191
554
5421
2420
1844
8746
743
7396
3837
7034
4077
484
2494
192
4097
844
4158
787
1685
8596
3986
1931
3133
1857
6970
9416
7168
7785
2041
8471
2361
4782
9544
8791
1305
1841
6547
5724
6072
6523
7859
5385
9263
9883
1387
9317
1663
535
8089
7092
5390
7817
6561
5731
7430
5443
2756
867
5016
2637
7092
2867
1529
1874
7868
4835
4706
9552
6701
6077
2751
1152
5524
522
3397
3624
9187
9350
2350
9135
3651
6116
8520
9262
4951
8822
6606
8262
9782
6974
9538
8885
9044
5171
8221
3602
9971
9464
7681
244
7490
9839
5331
9932
1085
1852
955
8056
1694
6344
9766
1255
5331
2676
5149
2524
2853
5537
4912
7035
6317
2273
3195
6531
6949
2931
3571
4713
1894
1363
1544
7040
5924
5256
5913
5293
5245
374
4861
4275
4902
9726
4704
2386
7417
9520
8027
8367
9070
8295
6789
6782
300
725
5626
2199
9867
2939
7666
3823
4550
1159
7491
7498
3314
9869
2322
3027
