1353
5199
3205
2598
5764
3919
1882
5113
1286
6744
4303
9649
6957
4814
2679
6981
2534
9478
7896
8207
8234
4972
8116
1016
7160
1424
458
7618
2660
6063
1774
2623
9206
6325
380
3072
5068
9477
9712
4936
817
8418
1626
2739
6906
4334
1595
8119
8838
7901
4072
1166
1540
4511
8466
2796
5460
2102
8525
8836
7766
572
8433
215
6989
7537
9764
2593
826
4586
6627
737
7267
5087
648
2157
3506
3250
6769
1091
1303
352
290
4075
9844
1610
1000
3234
6691
8105
5032
5672
2530
7946
9063
6574
8981
2469
5535
676
2863
2151
8550
7072
4274
1271
6408
7231
7453
6363
2974
4970
1273
5758
2270
9340
5971
5610
8223
7228
120
2563
1651
2042
2994
6735
9617
2408
6414
2092
5390
3152
478
3203
6666
3369
7712
2154
8208
4336
5162
7299
9707
3257
4492
8477
9080
1987
8308
2485
