8385
4744
7595
3633
9914
1037
107
334
7430
8742
3419
6155
1400
3237
121
461
3127
7061
8674
4223
7138
3213
6042
4478
1396
2994
8031
3408
6979
9051
3888
1414
8376
2036
3754
4342
7837
2532
2227
8577
3832
8358
3112
7200
7871
9931
6479
4713
7118
378
5800
1608
5991
7955
4630
8226
630
1769
8122
9326
5545
8418
1607
1575
1452
370
2512
4863
4458
8481
5065
7686
6587
9698
7064
227
9360
6382
664
1569
2274
7582
624
8447
2453
9432
1637
7267
710
3036
4719
2694
3775
2377
936
3245
7024
5398
7313
6961
4165
5818
7318
9067
9099
9070
9644
6452
646
4226
1715
4251
9029
4267
9900
7729
357
328
441
3981
5810
9820
6261
1915
6490
9263
3953
1290
7363
4309
4329
7631
6250
3839
4481
7854
7738
436
7759
8192
2108
8881
3923
6147
9370
375
6220
5449
9914
8470
5278
6226
9544
4893
9500
2256
4502
7190
5156
3854
3549
4713
6243
1876
8200
4735
6393
4512
5357
2376
8742
3456
1286
5224
906
5770
7240
7233
6401
1996
5852
5066
236
4466
9228
6623
826
5128
6637
4786
1485
9766
7780
8769
2174
2303
5102
4859
7598
5659
5787
5078
7034
5206
6837
5198
6369
6423
1529
5575
1628
9027
3699
5370
4331
9726
9111
5184
8661
1738
