9543
489
5503
3651
3139
8473
5365
5403
2545
8780
7482
1037
8014
9986
4546
8544
3892
4521
2514
5309
1640
2876
4460
5466
9124
557
5825
9673
4745
2086
6372
6824
3874
4336
9009
6735
1811
1672
1358
4075
4062
1217
4110
4600
3348
3863
6618
8844
4368
9093
550
9485
9456
6540
4283
1174
5214
1923
7585
693
5647
7651
4748
9918
4296
2678
5860
3777
8298
5832
9027
824
7436
6348
3835
9043
318
9737
8667
7521
9330
8782
3324
1831
6391
3646
678
6590
6500
3377
6237
2785
4191
3471
1790
1558
8653
1855
3176
8089
1023
7892
1666
2799
3914
2099
5458
3431
5556
8294
236
9265
9240
9482
2904
9555
3143
9711
5116
3886
6391
5484
3491
3483
7645
2536
3979
1817
7573
6956
8529
7633
5632
4794
3844
421
7607
9388
8528
1990
9288
2352
9615
8218
9420
6507
5611
1168
3979
7408
5848
6116
9170
7766
6296
5858
3353
5305
3530
7109
5502
2099
5649
2842
9208
3369
9788
4035
9881
8100
