546
3214
7433
7999
5778
3546
184
5702
4709
1495
3017
5335
4316
8027
8554
7423
6935
8314
4355
8472
9090
6750
9129
7712
2546
3374
1772
3067
1762
9957
5424
4065
4478
8716
477
4736
8202
8304
4516
7511
376
4202
9536
8924
7339
9163
7625
7679
1387
4047
3130
8509
5563
3871
4534
9717
6355
3927
3266
2842
7945
7198
2063
1070
6924
9958
3956
4957
4419
121
9162
742
6735
2744
2283
3384
2944
5863
1594
5533
6128
5901
1565
2700
1024
3276
6801
1255
331
875
