3703
8943
8092
575
3408
457
3446
6345
1039
679
3719
7264
1453
5335
6274
2201
3209
9071
9680
4263
4489
668
6957
7628
5440
7981
4575
7123
408
2502
1650
7817
6024
8206
564
3998
1280
4081
383
3781
2292
4326
3522
925
1829
2098
743
113
5114
4249
7641
6165
3322
726
8153
3141
493
1674
8975
2785
8839
7198
1570
1695
774
9412
5998
1622
4823
2455
9027
3207
9086
3756
6667
8675
9319
3911
5751
4904
269
1505
5184
1258
4820
1648
1465
5831
5203
791
606
4093
3474
4559
530
4131
4159
3619
2767
6173
5606
2128
3472
6026
7444
1088
7554
6735
5246
1167
3151
1602
9027
4210
2549
9779
6174
8999
3779
8104
