9575
8506
6833
4638
5672
1843
3027
4180
3003
2843
6023
8226
6813
3754
4331
1189
7851
6762
4865
1025
8208
4339
5027
5188
6138
7145
6594
5124
6233
9058
6088
6551
6649
9871
8607
279
5582
8510
3393
9409
9624
9136
9216
2987
6289
4173
7847
3927
9119
6424
6960
995
3768
7584
6678
4721
8352
1334
3258
1610
5026
275
7910
400
4018
6456
2634
3738
4427
3960
5360
9022
2373
4924
3186
5500
2166
4780
1304
3949
5956
6934
585
5061
1549
7674
7833
1430
4314
6678
9572
6249
9061
4437
1506
4573
379
5023
2101
7980
4375
4188
5140
3717
6928
2146
3433
5357
3441
7541
9163
6819
618
6601
6644
1655
5931
708
5017
1460
5570
1595
7921
1857
8763
2594
5794
1938
930
760
9803
9064
8793
4569
436
7778
7267
6500
9631
8340
3464
4399
9774
7616
3690
1638
3241
524
4435
2993
1312
2689
6028
8238
3128
9041
6400
9242
4732
9363
2682
3583
4510
5288
430
1543
2099
8911
9034
808
