7265
894
3307
4228
1682
7247
2057
8916
2822
9840
2136
3692
7228
2840
4679
2876
1252
5063
6726
5997
2202
9374
5098
8918
6871
150
6137
3109
3703
3337
5027
535
2158
8544
3161
2848
1278
2277
8532
3522
1998
2098
5323
3455
3138
5900
8797
7300
3457
818
8113
7177
7195
7837
8079
6697
4474
1917
8296
8776
2348
762
8519
5500
7125
6060
981
400
2429
1290
3269
5093
8348
6074
9990
5391
9939
4467
7555
8458
2410
814
9741
2785
3099
9690
8602
6549
1907
2856
4541
4264
1281
4739
6848
6749
1878
1118
6016
7455
9507
7597
7061
244
8991
6833
2962
9202
5900
525
6133
1949
3080
6391
7072
7471
7451
7892
1040
2597
450
7632
1229
1488
7488
8409
3879
3770
4326
2742
2749
6900
2320
2492
8630
4500
5729
6688
6107
5022
4496
3090
9804
4240
8676
6100
2221
5683
9635
2895
8186
1819
5035
7460
6383
7076
6157
8207
4213
8091
8236
5752
8068
4915
6067
1274
6920
1208
4147
562
9644
2033
4831
201
3939
5317
8697
6593
1205
4183
966
3382
8685
2456
5193
9521
8265
4787
9639
8798
