2189
6103
3140
5510
9491
763
7627
7566
8281
1786
6740
4650
1191
3943
7665
1385
7182
3353
8017
6741
5673
4111
7162
7874
8659
4718
2815
9297
9055
7968
2251
3526
8110
2071
2490
5038
3074
803
9124
5183
3946
1743
7665
5224
7983
6999
6846
8375
8177
7413
4618
1679
7913
8923
426
6779
5864
481
7208
3340
8815
7615
5503
6599
6739
8879
440
6401
3955
9591
7722
5349
4478
2866
9454
185
1329
1103
2931
5580
2132
8830
1651
907
7935
4391
8568
7671
3046
1495
3193
4364
1569
4869
6048
3396
5119
9591
1663
3062
5144
6049
8750
2946
8348
1155
1636
2084
5252
1910
5236
895
3247
4331
173
4341
7306
1602
9762
1986
7904
6170
9992
190
422
8185
1111
7611
1943
4690
8290
5529
8239
4032
1407
2115
3303
5823
2435
4652
3076
1142
6587
2647
4561
8058
8495
9470
346
8615
2362
8083
875
4080
6506
5213
2610
3850
1572
6026
5500
6018
4351
5654
9207
7458
9851
661
6107
667
6675
9725
2598
1331
4732
6281
1174
1346
2519
2423
1096
9106
5892
954
4429
6046
5946
7920
878
9616
