6141
9292
8290
1477
1406
9966
6605
7574
1856
4540
7956
2762
209
311
3249
5628
7364
2264
5607
3918
8602
9733
5218
7730
3616
9625
2287
2699
6561
8374
1624
1150
1799
3682
2158
4054
3269
4859
5670
5100
7922
3722
1265
4882
7117
2675
7567
251
6285
8542
2135
8032
9131
5745
2991
6460
9954
293
8176
5342
3428
1366
2545
5225
9470
5095
2165
7053
8826
2229
8659
8280
6034
6970
1137
926
2684
9408
3403
1774
9884
8593
516
4316
9872
264
4375
4835
2374
6295
7288
715
4833
395
827
8984
121
6305
793
1404
8587
6228
9009
2187
2898
7587
3342
5106
8391
8463
