6065
8728
8748
4896
2085
6532
6444
4529
7600
6589
4287
5991
7892
7153
4387
1817
8451
9520
8618
3504
8515
3249
3593
4926
890
1017
3367
5519
2968
1616
7223
8152
2322
571
7268
914
7023
3047
7622
1381
2455
3117
9354
8211
7759
6645
3934
9738
2238
3204
4997
838
2870
6494
7598
861
3688
8743
9948
5199
6137
7364
1719
7390
8030
4712
4585
5150
7935
4335
3674
8817
9958
1526
5231
4801
8934
5980
3713
2335
7006
8236
5570
507
7932
1331
4142
7187
9941
9115
