9098
1908
6971
8588
658
2510
794
1809
450
6388
5618
5155
5946
6641
8241
7337
8558
9308
5219
5107
6516
731
2552
167
5028
8835
4118
1921
4977
2010
5581
8952
1897
1578
6173
1760
9422
4681
9223
7142
8961
2422
8779
732
9877
7901
8529
7563
9431
7470
5752
6831
3219
4415
2829
3017
5538
5980
1084
9366
7826
6626
1081
2686
2297
6367
2368
3405
4686
9026
6673
9716
7406
5876
555
7000
3118
2789
8335
6075
1964
6791
2914
4791
3288
7995
7453
9057
9641
5234
9287
7102
1819
183
2053
7747
9405
8841
421
8780
7592
1093
3868
7502
4699
4724
1256
7544
1270
731
554
6833
8506
7258
7732
418
8150
9640
3180
9364
8316
1781
7899
1049
7493
898
5291
2206
3743
3169
1855
5816
9850
8139
9392
6757
7418
9711
4410
3072
5839
2901
987
7072
1250
7796
9933
9124
2757
3759
