1961
2173
8619
6239
6098
4717
4391
1538
3769
2129
8573
1228
4343
9536
8326
1654
313
1898
9076
2872
5215
1034
208
1024
1386
1229
5950
9380
7227
1951
2468
6056
556
8207
3864
272
1310
661
6991
2194
6321
2240
232
3239
3109
6636
353
5811
2829
2876
9474
2662
2481
8671
4477
420
5865
5091
8302
5826
1620
7858
3488
1589
8932
7080
9747
7606
1939
3552
1268
7578
9512
5536
9889
8615
5178
4598
7282
5586
5504
1855
1434
5089
9838
9628
576
9263
4616
6294
1285
7053
7389
2746
1509
7424
5715
7446
1536
6653
7401
412
3274
2626
4042
3619
2696
2181
9261
2693
