5960
9347
6703
9024
2291
4979
4419
8374
6962
9670
9721
973
2016
6235
2470
4196
3483
6932
3710
8605
8855
5181
2231
1837
3596
8852
6750
8786
6996
1899
1961
334
8873
4362
5234
8048
8301
2951
4931
709
253
2173
4885
8934
1914
7449
148
8415
5229
7558
4316
9045
8529
5242
1609
9154
9247
1514
5387
5086
3148
505
8519
3734
5687
7862
7306
2431
8509
4411
4384
2667
9058
2144
493
4059
2662
5416
1698
7262
1952
2818
2674
5507
9640
448
5356
222
4327
1053
1789
3131
1967
1569
1393
9965
8085
8529
3916
8703
1047
6182
2826
5302
5676
8583
3512
4290
2598
4254
7947
5319
662
2096
3494
4219
3664
7565
6738
1663
4488
1228
4110
7188
6016
3411
8066
5804
3050
1778
9695
5066
9553
5245
9018
3392
3652
3190
6325
1161
6616
5834
7224
8045
4785
254
1939
8805
2127
5331
4120
767
2951
1803
3466
1571
3933
7573
8319
4483
