5514
8401
7238
3834
9263
4170
1898
1652
6976
6812
2162
3887
7224
1375
4207
9422
1599
4469
684
2590
5809
7707
490
6411
2512
6233
6531
826
5781
6276
9361
1368
8762
9396
6409
3365
5374
3448
3498
5206
3063
3089
4805
3406
5331
4331
3348
6239
6699
7048
6939
1296
9637
5810
6746
4333
2335
9074
1322
2258
4208
9998
7234
5688
5011
7621
948
4523
2338
476
3394
4756
9119
3082
6784
4596
1851
9491
5366
2985
9076
4424
6024
6576
6167
8965
2718
3260
2985
1176
701
1563
6782
5273
3564
653
4824
6386
8233
8954
4026
4181
4327
4742
9225
9438
8183
6177
2766
9779
9952
9879
6321
2892
6086
1484
9516
1393
6067
7508
8712
9818
4696
9442
5618
270
9218
710
1207
7643
1546
7256
1370
7430
4041
6792
5688
5386
8748
3192
5422
1315
2087
8971
198
9585
5247
2834
5144
3254
5365
2368
7563
2785
2478
2664
6442
5291
186
9720
7028
9360
8410
5346
1734
5347
8897
9637
6821
2093
9254
6800
5686
3995
3508
8285
7318
3573
298
9538
8380
4641
8680
8333
3727
811
3874
1701
1385
1661
1027
8531
5073
9882
6519
172
2295
5174
2503
5193
7908
587
7650
3936
6640
5027
5480
4319
3651
776
