3253
8705
5159
7148
3623
7256
4583
8530
9853
7177
6177
4046
8676
697
7321
1276
685
6625
2561
2593
9076
755
6278
5943
4818
1183
8127
6415
7435
8246
6432
3828
859
1020
8040
3205
9551
2562
5523
5931
5029
1306
128
3090
4026
923
8053
4897
948
4159
3506
9993
7009
1096
8814
6790
7354
6636
2133
3068
1349
5726
4392
9106
9721
1251
4503
1787
4073
2854
6057
6256
6695
7272
470
5567
7260
1946
4334
1616
1490
129
5053
3997
5641
1983
1699
4701
2999
3936
7176
2859
4026
7560
653
6257
2464
3877
9476
3918
477
7704
4953
9841
3762
4073
1263
4079
6706
8414
6270
5296
3480
420
6493
8266
1103
8890
488
656
8233
4179
8857
759
3745
4791
183
152
6650
3116
1771
4208
9481
5049
3554
1253
7172
9679
5341
2854
8310
9065
2847
8988
2676
4859
7657
6713
8509
6018
5350
9244
8321
2160
7036
7397
4281
787
3573
1148
7965
190
2048
3805
7813
3685
7921
9556
3585
1982
1525
641
4537
8285
846
3959
9019
8581
5151
1033
4398
990
4938
8698
2422
3965
9782
6252
594
3913
4550
6486
8711
908
5466
360
5557
4127
3080
4654
1265
2711
2371
4885
2755
2885
1828
1664
5985
2819
