5522
9964
3661
1164
4647
1707
3530
976
7743
8340
997
3938
8224
215
4026
3410
6148
4610
1035
1319
396
2163
2164
8913
4041
5313
2964
8496
953
9266
5176
7460
6196
8493
3326
701
4941
3699
2456
6483
9622
7308
2340
5860
3254
2754
1135
6646
4576
1689
4501
2710
4255
4706
6965
1002
6329
636
209
7291
9149
9091
2712
2600
7246
4910
3569
3551
4505
236
8700
2343
9525
8634
6154
2655
6004
167
7886
6477
8825
5171
8116
170
8164
7545
4388
9903
9497
2633
3114
7744
4619
7535
2364
8590
7648
9538
3064
9565
900
7569
5405
6965
1781
9579
3617
5666
5740
3476
6656
8238
503
593
877
7940
1019
6998
1890
9568
5714
2782
524
3354
3103
105
8204
9126
6461
5032
1973
5339
7556
5345
9495
385
3530
8628
7579
8043
7809
8620
1240
6417
4204
301
7460
8395
3663
4040
334
2592
4295
1328
2137
1643
5085
497
8876
2564
8941
4826
5751
7438
7547
3168
390
579
164
3004
3798
198
2039
4252
7504
1139
3305
8397
1802
6436
1301
2602
6224
6829
7160
359
328
6739
4730
270
9790
4699
3229
4347
3917
2495
794
1949
8811
9905
