6829
6027
947
616
7711
7436
8124
1004
3872
4370
6155
5273
2778
5951
8374
9093
6053
759
9823
1689
2698
2475
4566
7350
9126
2971
3008
2263
9514
6444
3525
6068
8905
6023
5700
962
8209
6343
230
2289
6662
5252
8453
3083
8953
9311
532
4951
1758
9945
6443
5624
9783
1992
7341
4824
9938
5401
2431
8166
5672
2822
7125
9712
7324
7524
6175
8166
734
3340
2084
859
6973
2362
3855
4874
1038
5997
3479
4479
6424
2707
4441
3954
8845
3619
6244
2688
4976
7384
6161
2755
9123
301
4133
4682
3227
4025
5989
6651
4695
9885
8922
9164
7497
1792
2331
2785
3781
4172
1796
3787
2663
1419
5955
783
1325
4352
8068
7248
747
8079
6567
733
6365
2372
7265
9037
6508
3745
5521
6110
3441
9800
114
544
5854
9983
1794
4008
1974
7102
5698
7998
3972
3109
9660
7893
451
1296
5118
4100
4767
7879
4433
141
3829
3481
3346
6475
1974
6308
8658
9318
2815
886
8997
4690
9975
3616
4176
3776
7837
8401
7705
7401
7206
8137
4828
9620
2855
4965
2237
1009
4740
1279
6136
8606
9565
3787
3954
7652
337
8424
1692
8653
7826
1784
9886
9051
1242
5065
3759
6189
2528
6729
9932
5290
7365
3925
