2331
9198
2236
5903
4612
7729
2678
7086
7328
1356
7139
9311
7959
7930
461
4272
8758
7432
3880
4241
8640
566
3910
6798
7603
5447
8547
5918
7712
5296
5213
4140
1958
1102
3905
9286
5279
7411
2447
2715
8327
4170
7986
6778
117
2530
9626
7223
4595
6327
4753
952
7512
3995
364
1406
6185
1336
1449
1161
1436
6781
7464
6133
8865
7258
4322
3229
7141
9637
9039
4684
3578
6419
9843
8943
1894
9339
6601
5417
4644
7772
7659
3274
5424
3388
9640
8656
949
9384
7794
3349
3909
6595
3061
1519
5459
2488
862
6768
8989
8576
4675
5249
1989
8421
806
7208
5649
9549
2060
2477
5055
4578
3837
205
6680
9159
1274
8326
3036
4198
1560
9253
5206
7054
6787
5735
1582
494
2582
5150
9311
5727
5005
6471
6054
5335
871
878
5525
6056
3778
5010
9324
5681
4123
4405
3483
199
7598
9623
8278
8465
4772
7200
7795
555
9741
7724
4821
4426
4532
4152
9884
1604
2293
2472
6858
329
6278
285
1523
8454
567
8745
3684
3064
3029
1979
6334
4168
4869
2771
7528
8384
3882
7167
5093
5361
