680
8712
6356
830
4611
5172
122
7704
7447
5760
9397
8110
4434
2576
249
5128
2712
7474
9297
2022
9339
169
2738
5028
4374
2026
4087
2887
8966
3768
8710
3724
1058
1300
5056
4718
4948
3632
2196
8950
6035
8383
6371
6939
4231
1792
9461
2496
1112
5857
2580
1971
6895
8099
618
2274
4776
5677
9579
8733
1350
6855
7877
9203
2763
3272
9576
2722
5429
3307
4520
3303
8574
176
5810
2414
1500
8186
746
4237
5725
3423
4723
6141
4148
7219
4030
6092
3505
3502
653
8848
7475
3250
1274
9835
7125
1240
9257
5537
3610
1564
5215
1088
6352
8322
6041
1727
1632
453
8918
4240
4060
1470
3181
4583
7622
4629
3093
7633
9254
7495
8511
5582
3620
8850
4367
1128
9767
322
3984
205
3350
6049
9419
7611
6987
7329
5120
4732
5534
3497
1179
8760
4219
8177
9180
6871
9907
6590
3646
7136
9593
8749
6401
2673
9145
2119
3778
9643
