8294
5953
6632
5007
8198
5238
5515
7465
8646
8041
6884
7726
7741
8791
7186
4700
5830
8815
725
6607
1154
7285
5941
8050
8967
946
9375
9920
3103
4166
9710
7372
6802
961
2056
2073
6547
9704
127
1297
6947
1595
8866
2899
7041
2705
9583
7467
5500
7196
9701
1460
110
3056
3372
5505
1710
8850
9633
3145
5909
2327
589
6683
9267
6521
6518
7600
7405
8537
597
8384
2825
8561
2443
8922
3527
8154
548
9909
6300
3515
6325
4653
2520
900
2323
6239
7306
212
5687
4641
4617
7645
6041
5104
2913
8423
1287
7398
1629
9689
1752
6564
9268
619
8653
8908
8141
1178
