9733
2105
6338
4993
8201
2355
9901
359
1806
3466
588
2718
1076
3225
1472
8899
1678
7060
5633
152
5095
1961
1858
5917
480
6455
751
4463
6219
7108
1646
6743
7067
4325
6533
9629
7340
7050
6984
3025
6393
5558
450
804
4019
3071
9370
3972
8414
9377
6209
2114
2869
1070
1330
6706
4907
2573
6612
7741
5639
8144
9656
4068
3237
6608
9031
6476
2090
3630
4526
8373
9957
9446
5857
8123
1269
4609
6682
3104
1001
1020
6703
9185
8465
249
5830
3960
7546
1955
7268
9889
7486
4054
9731
738
3980
6782
2014
9275
6632
8559
3171
8955
5705
8033
9636
7403
1457
7273
5163
7249
4268
2963
1091
9067
3104
2568
271
7173
