8255
8450
3425
3725
9350
5393
3296
4717
271
4892
3646
7584
7096
5511
5811
4642
9686
3424
474
4618
4631
2849
9900
9253
6623
583
3057
1901
5611
117
7516
9467
6435
5647
2551
8529
7210
2966
3599
5860
2871
6909
3980
4736
2292
435
8576
9079
2786
5448
7775
9440
3174
8768
1486
532
1989
4458
2502
2361
3376
1226
6074
9159
1934
1609
5113
5696
4474
9727
7734
9708
244
9679
8160
8715
2236
8792
7923
5878
4606
4869
4367
4859
7771
2206
5799
376
2269
7684
6538
6195
6728
1823
7853
380
3623
2848
8633
644
9865
6094
3156
7774
324
5570
9152
1118
3119
3173
910
5302
4376
5037
6345
616
2634
850
9813
1368
5495
5611
7870
8104
8471
3029
622
9294
3124
4537
1296
8966
3791
8375
7803
2098
8155
8320
1746
3376
7682
7857
8304
3858
8493
5915
378
1801
2923
6807
9363
3360
1064
8828
4843
7209
8553
6707
9000
5832
5772
648
4376
7388
5215
6528
3052
1626
6318
3120
3687
2624
4334
4053
9987
366
7866
4363
3508
1827
9826
5000
1680
6110
9624
4014
5591
4377
6352
964
7710
6036
2520
3268
9403
4191
6150
9892
1518
1925
5506
3530
7980
4176
7868
7741
9522
1624
1876
8999
2607
2388
6888
731
1015
990
321
3395
2885
5103
6954
2597
6034
9032
4618
4984
9001
8216
2392
836
5115
8002
8269
7754
7733
2905
2380
2291
5392
7888
