1966
8216
4601
6311
4130
1792
4307
6074
6249
6750
9709
2193
2770
8295
5853
7177
3637
8531
9589
3915
7312
871
8940
701
4875
9723
308
6184
5551
9101
9207
9084
2631
4828
6238
1925
9846
9172
2638
5508
4571
3935
7418
6356
5751
8304
3380
9575
2947
5581
339
3690
815
2245
4736
260
2482
301
4828
2280
6841
1130
3784
4679
3566
1986
3019
2390
3042
7946
4013
7634
7445
5321
8214
8637
1237
5291
5812
3577
3220
7457
3561
1870
5726
2812
9293
5365
4495
8405
740
5759
8446
8575
8867
7796
1139
877
3599
2606
591
5341
2668
5301
3778
4472
5867
7593
7550
1005
2052
6916
5768
7666
3363
6178
5676
7474
3776
3692
288
4620
6747
9213
6516
8381
2090
3587
7907
1570
7800
7564
2630
5380
6444
5952
5606
5586
2092
3965
6834
2068
865
4613
8454
1855
6639
9382
9450
1374
1933
4967
6545
9605
6835
6921
3643
3033
3452
8226
8010
1094
2989
7479
5496
4213
8205
6108
2082
8393
2532
5607
3952
1030
7177
6980
1179
778
1815
7308
