5357
1922
4124
7719
6216
8036
7947
7223
5714
5736
7506
862
8627
4842
2088
854
2513
9292
5207
2318
8062
1817
2929
8589
6533
7046
706
8307
771
4436
7167
8031
6275
4142
7273
8158
4706
9197
3520
9480
9103
8562
7228
2830
8376
491
7024
5796
111
504
7375
8738
4238
1344
4196
4113
2814
3786
5520
6785
5324
9610
3006
2864
8031
6267
6512
4314
4886
2551
1634
8047
2907
2083
7090
8483
1017
3764
5871
8456
2529
3660
388
5405
4251
6796
6260
2366
9246
7288
197
4528
5585
4205
3684
1406
5678
634
6419
6348
7585
5988
3966
1311
9812
4811
7108
7777
2264
9558
4365
8725
5435
2385
2662
8846
8736
300
6312
1975
1919
3585
4948
5728
6574
1506
9399
8467
9889
6343
4436
3151
3535
3361
8836
4665
2009
7646
1187
9854
300
3690
9918
5233
3610
5824
1072
7452
8203
5524
