1692
6964
3317
176
6508
5120
2726
3943
8711
5968
9788
9870
9371
9898
7208
6526
8010
7464
1346
1861
4932
3333
4007
785
8887
5341
2371
3293
7192
4241
9376
7474
4931
1977
5038
5795
2583
5048
4633
995
9386
7070
6503
1499
1373
9867
755
5850
8663
7308
8811
9043
4617
5732
8249
278
2731
1658
3640
6964
8135
583
8543
9305
502
4697
1904
334
5677
1078
268
9529
306
8272
3410
5652
5610
1712
578
6014
4878
7997
4347
6533
4106
6497
8805
1998
3862
7421
5167
9383
6491
6357
7255
6693
1429
9429
2886
3390
6414
7179
8554
6847
7617
1257
8191
3253
3510
9648
5696
9948
1155
3750
8560
9067
5167
2235
4686
5772
3484
3025
458
3646
4570
3430
505
1799
9944
9202
