105
6096
948
6901
1269
9398
2820
4461
3596
6388
5581
9304
2442
9292
2007
1875
8598
5951
2388
3344
2093
8639
1297
7504
1553
7976
7780
2808
1500
5537
8126
1242
9386
8501
3094
2547
3495
8105
2665
1734
9416
6397
578
5612
3491
1300
860
5027
533
3550
1804
1804
1512
9399
2023
1285
4831
8136
4585
6475
6235
1924
1159
3094
3009
1412
7088
6025
483
2381
5547
6514
7573
7149
8006
9098
5735
2780
9604
3264
2160
587
2445
6432
7796
6967
3609
6360
6273
4869
4539
1845
6480
9401
9032
7070
1753
7371
7298
6421
5200
392
1812
6221
3812
4498
699
3864
6629
2184
2981
6839
8652
895
8043
2452
9339
8069
9782
2995
2099
376
4280
7767
816
2346
9096
2004
7637
5924
668
8478
5939
6207
1125
1341
2251
9045
9246
8402
3062
1275
2327
4701
1616
5635
6058
2430
2586
8012
2160
9542
8348
8048
4028
5598
6174
1981
8935
4816
1438
2411
6834
4156
1935
3812
2342
9120
7282
1181
3540
1121
6630
1025
8977
4576
6564
6477
1293
5587
5219
1963
7572
7054
9510
3464
4004
7428
4103
5831
7155
8486
1876
9786
1101
8817
9966
9974
9492
5115
