2421
199
6207
6385
1208
1057
5421
7626
2253
6139
118
7358
7944
6997
9352
8989
4718
183
4917
8513
6407
9663
6077
4169
5685
8374
7771
158
7352
7491
5661
533
325
5091
1176
9041
1477
5168
3468
6991
8466
6117
5732
1871
3963
1506
4544
532
6617
3234
5849
4939
3463
3668
6080
4347
1937
3288
1929
5318
9349
3402
4828
1109
3343
5225
8288
8635
9724
6510
5974
6558
8442
4093
1766
9674
9980
189
5336
2832
7494
279
3456
969
2725
663
7370
1248
8135
8411
4830
2036
6876
6216
2690
9984
4353
9127
5071
227
