8144
8583
8388
4854
1475
4635
3939
1468
6064
1717
2723
2507
5010
3912
4523
8227
7888
7888
6456
9236
5412
785
785
6160
9471
1559
6173
7985
6923
3272
6472
6269
127
1321
4401
1665
3436
4262
9301
2438
2793
5892
3495
7216
2183
9819
4612
3862
2936
362
1336
2475
3326
4810
8295
9915
4516
5472
5275
6841
9528
5034
544
2727
1526
8264
5297
8227
645
8058
7999
3490
7864
5578
9260
7530
4259
7470
436
5465
3538
7673
7337
1256
8709
5068
9045
820
2486
3726
7426
8994
8448
7309
2641
5615
3995
184
8000
6789
229
4177
5314
1077
8057
5466
2745
9195
3363
516
2633
844
7930
8697
6313
6036
1404
444
3019
5684
482
2141
6976
4414
3323
7053
7280
4486
1902
3988
6644
8601
1951
4308
5540
2070
6104
9328
3429
6382
5276
1618
2604
7443
7288
1064
7474
5857
6686
3413
7413
5089
346
463
7617
3324
9650
5147
1072
2682
