5585
401
8766
1178
6390
3224
8651
4601
1167
9534
3934
3689
6763
1154
7266
928
1179
9351
9811
8705
2770
7059
8069
7296
5269
5368
206
4944
8372
3362
6585
3051
1530
1818
3487
4570
6046
3925
4944
1479
4579
7338
5166
6742
4083
7057
2752
1230
4381
3512
7849
7449
3005
6999
148
9265
5622
7468
5009
4680
4876
993
5445
1726
3816
296
3850
1406
6385
8078
4057
5747
577
4253
420
7757
3044
9910
7929
2954
5729
813
3603
7935
3946
2477
3060
2475
1658
2659
4168
5792
2221
975
9114
2524
6303
3201
4589
1151
7468
8657
2805
2815
8658
4562
8925
8102
2874
7796
2146
4161
2285
9291
9724
8479
1663
7373
2370
1888
418
2682
8281
5280
4583
3591
5083
3108
8173
903
8720
1184
4201
9233
7605
2512
9582
991
6038
3193
4168
920
8902
9350
1886
397
7483
8908
4364
8964
3369
2645
925
2950
2066
1351
8169
9674
3958
1151
2409
3532
8963
7360
6788
7997
2593
2154
7126
267
8631
8515
4073
4187
8887
6132
4949
738
1260
2319
7473
1956
1769
9194
909
4271
8709
5088
2431
109
9272
1163
4207
1565
2462
2851
2352
275
1746
9331
