9058
6055
4010
8869
8220
8763
801
5875
7521
2343
246
8887
2696
4338
722
7685
7335
3948
2226
3244
9095
805
9698
7399
6989
3045
2449
7344
7051
6780
7185
9845
7449
336
2298
6409
9765
2005
1487
9928
932
9840
2498
4571
7609
2584
3520
1250
6039
1101
4323
2232
9136
3343
8904
2241
5732
7312
5527
7627
4316
9241
7904
4604
7618
2073
4926
1889
5443
3589
7691
4305
3990
7278
634
2435
8708
9571
6294
9986
3003
3602
3650
9688
5810
4327
2911
2202
6814
5189
5429
4161
1006
5830
1215
9839
5976
8834
3639
2914
5565
3524
4888
4337
4197
5920
9331
331
9090
4636
9833
9828
575
5265
504
5825
8617
7859
438
7340
3176
3140
8129
4960
1105
8819
8748
5019
6518
9500
743
9918
7120
4965
2765
390
5433
649
9781
8590
2636
535
7976
2323
3304
7888
435
9727
1341
9375
