647
5103
7068
4214
6467
8986
3782
9099
5318
5207
531
918
9869
752
7019
5413
6469
1572
3156
1735
9958
3931
1473
8954
3466
1439
1137
7227
1824
3491
6049
5486
2967
2545
5446
7537
3259
8212
6479
6135
1911
9693
5849
1936
1540
7401
7135
2637
3990
1318
2817
3535
285
923
7734
8664
3715
3911
8932
5626
1203
1570
5797
6514
1689
8443
4457
6676
3911
7775
6706
2715
976
5941
1567
4605
3454
297
1698
178
3586
8026
8904
375
9559
6699
2786
7311
5356
7731
5136
9762
8165
7461
6509
6059
1284
8219
9245
2395
8811
4833
8194
7645
2775
693
2956
6060
4245
8975
