2039
3592
1382
3022
1847
6038
6910
6107
6820
3545
510
214
3582
2444
5377
5592
7029
6960
3395
5635
8244
4257
6920
2612
7421
1649
618
172
1573
6227
8822
3588
8421
7786
2340
3750
8279
2464
7752
9477
2457
4980
7369
3440
5095
3028
1502
2757
1439
4423
5346
7794
235
1992
6583
8732
8020
3155
8165
3029
1020
1602
2994
9129
4528
7703
4554
8488
8638
5287
1956
2517
9556
1440
4368
1748
9959
1527
8235
6616
4676
6153
7376
2453
3882
1804
1829
904
5126
427
1313
8958
899
579
6853
8304
4841
3240
8245
8860
9726
6453
1190
7764
8326
3406
4823
6534
6487
1082
7425
4567
6536
3529
4370
9534
8576
5654
996
2109
4197
3248
889
8044
538
5671
6929
4014
1769
6549
6748
9102
9367
6523
207
3685
4624
7927
2439
495
523
3996
6560
9147
8324
2279
6078
8155
2233
7889
9292
1235
5937
3337
7821
393
9968
6700
9493
6820
3862
5361
3219
7003
2037
8062
3216
7742
6003
2142
4869
6570
2751
4634
9067
8399
8773
3307
6454
7266
