3785
5846
8177
4956
2053
6042
6332
334
7565
2068
8503
1128
6608
9598
6128
7546
1800
5895
6211
6919
1125
8253
8314
576
5679
1293
9066
9143
1330
1827
4903
851
9014
1384
5856
2364
6690
2391
6470
6436
1758
2765
4090
7529
3911
7097
3855
7139
3783
4737
4025
6927
5865
8950
9439
3189
5437
3575
2541
7298
8020
7159
7870
7618
8542
7248
5047
4201
7572
333
335
1504
6916
2437
2733
9260
6743
6917
3367
2689
7387
5829
3317
4266
9053
5161
3131
2151
4306
4889
3971
424
8679
8089
7130
6475
9503
7838
589
1459
1291
437
9448
8412
4542
3660
9810
1049
5449
6217
9734
7303
2384
3566
5194
4986
9184
4545
9419
1980
2531
7404
2228
1778
1304
9305
9837
3906
2396
6858
6334
1434
9505
8640
6742
4614
1937
2157
2533
1026
8886
1885
6247
3010
5703
5260
388
3670
5105
3933
6944
5254
2531
9355
5299
6599
8392
9460
3319
5438
3654
2944
4250
7271
7068
6484
7922
7265
7883
4878
