9575
9892
2854
9570
1217
1947
3099
5181
6159
3061
6560
617
3013
7597
3742
1962
1084
9286
3022
1731
3739
6355
4912
2799
4699
469
4110
1539
6490
798
6295
8803
657
796
130
5647
2270
9159
9750
2927
4597
2138
7402
2581
8945
4024
4467
9909
6191
3519
2578
5546
3971
4188
6676
1670
685
9725
293
6835
3780
1871
2878
7720
8079
5484
6390
1830
682
7913
8392
5392
4585
7201
6057
3677
7092
6211
2724
9363
645
5419
4895
3417
1956
4586
1277
8883
9015
2492
3004
6182
7429
9493
5613
2701
2394
7644
3079
6451
9490
5190
7448
6416
9848
322
8092
8205
7269
1289
9334
4852
5271
1767
4197
2199
5730
7697
1066
8783
