8800
3076
2297
5529
6225
3464
7183
4610
9168
8493
9576
6157
2552
8689
1184
5061
9938
3778
6944
6265
6489
6792
6204
7386
7270
4741
727
6088
5907
2006
6842
9186
2208
7962
3666
9692
5443
1424
8637
6684
3203
5620
1551
5704
1590
3588
7841
2662
8847
954
1366
234
9561
9505
1122
7808
6295
6703
3309
6030
6410
3855
2796
8809
3592
4826
9551
6096
2952
7325
6653
1084
6757
3594
7590
3914
9752
3101
6283
8695
8135
1734
4535
3071
8232
6718
7925
2039
6435
1677
3073
6240
8332
9115
543
1477
8504
8315
478
3156
5013
3639
8143
2429
5224
2425
2684
2881
3302
9551
3519
9421
7890
9383
3172
5770
3669
1031
2423
9749
3783
3049
5903
4357
960
6836
5297
7117
2811
2291
9778
9234
7497
8049
375
8293
2889
121
3085
2111
3111
9558
5790
838
3326
964
4068
7877
3812
8052
3733
7475
7731
6633
1630
1156
1694
4535
1877
2107
2505
1735
6319
5205
9069
2462
3447
393
794
1067
257
2670
9600
9041
7467
4047
3056
4855
9408
4166
5192
2979
6176
6764
4133
1740
3892
3350
2003
4499
4367
287
2055
2813
4811
487
6295
1144
1149
879
