4511
2383
9377
9980
4377
4789
3783
9346
8463
2687
7058
9984
2552
2634
9770
8538
422
9944
6309
7725
4260
690
288
5985
2727
6718
798
960
5691
9080
6983
5471
1533
6664
7819
2936
7345
6995
813
9997
8827
3414
6852
2622
1286
5936
5189
4124
4746
9516
820
5217
3742
8218
2509
1707
9327
9442
5913
4485
1934
4198
4692
3095
4865
1153
8054
3078
6432
8244
128
6925
1723
5850
102
9642
7782
4928
5242
6419
9663
7017
3843
751
3852
4578
772
2586
2793
6058
3751
1694
6843
7359
5876
6185
1756
3096
8981
1112
315
4496
9446
4640
7716
3196
8198
4351
3508
3278
222
3811
429
5070
7496
7816
3512
1772
631
3580
352
5844
7234
8910
2585
4481
9147
7773
3203
9045
9765
323
7490
1105
653
4565
1816
1425
6927
1297
2744
1711
4872
545
3602
2118
9531
2462
4538
9271
6405
3579
7645
6238
3377
8378
5127
3083
4171
796
