4765
6451
1377
9800
5367
9317
4491
5684
219
676
3776
8875
1749
6462
5569
1481
2708
9584
3095
7913
9852
148
7821
2361
3937
6827
9755
2992
9488
7090
5764
2681
6224
4399
8008
421
5484
6465
9522
3068
2920
3695
1400
5151
3917
4354
8923
8192
3779
2682
6923
3915
6253
7496
8041
7944
1628
905
1141
8806
3055
501
5871
8557
5815
6031
2567
7243
1589
5310
5216
4636
384
3707
2310
2334
4382
1680
8931
104
719
3874
1914
1945
5915
7011
677
4662
8967
440
6089
5380
3548
9704
1433
1921
7161
2031
1223
4503
2956
6546
4214
2255
3849
6288
3975
556
8158
5331
8397
5275
1541
5140
1540
7746
3102
6863
9343
2900
5473
4585
4097
2801
9787
2775
5878
9279
5644
6272
3238
7701
9597
4108
4228
8623
4330
2399
6921
9264
7935
467
8027
2331
776
128
7223
7479
3450
4973
