1929
4182
9984
6324
8178
7214
1186
829
9546
4713
7806
4164
6814
5906
9379
1022
3627
4843
337
4758
2524
227
9483
7390
6733
3638
1738
7653
2723
2383
8121
8597
1780
789
8562
1463
1871
9398
1527
8184
7216
8563
4986
9413
5356
5407
4960
2190
1897
1177
1619
7318
6630
5174
2783
9489
2918
4968
2716
3907
3198
3086
8908
7472
1672
3057
3926
1302
863
4063
986
9507
4892
4580
9828
5507
4797
3459
6649
5869
4590
6365
4045
6900
1489
3368
2639
7749
8918
690
1898
8504
7326
9737
4640
2221
3943
531
7259
9943
953
1403
3338
9701
7199
1218
3808
7898
9926
9530
4626
7828
193
6749
1812
151
690
5721
4899
2848
2538
9197
8155
2437
4580
9633
8296
1194
258
3973
5804
5240
5254
1517
6048
5545
7576
7218
9651
3545
8687
4672
5895
909
6977
2106
978
1890
7571
8565
5203
523
8623
2357
3545
3928
4146
8637
2932
5378
7271
7332
8901
1477
8461
8009
9914
4025
9138
2579
9498
4813
4158
5212
5756
7732
7521
6075
6686
5063
554
3685
2292
5518
187
5798
8013
5762
6707
1036
377
1047
3142
6939
6349
2587
2690
5956
8491
4854
6301
451
1130
7348
2363
4365
7004
9803
504
6904
