5058
2282
674
9626
134
5258
4959
7792
9642
3493
2805
162
5972
2988
6507
3537
3966
2609
1728
9813
9060
1214
6394
2154
5004
1788
4443
6930
3715
9314
2863
6809
1546
6953
1857
7469
3187
3688
4719
5543
8889
6603
7499
4799
1967
8502
4627
8928
872
3135
384
1802
6483
3825
8067
1077
7701
1399
3535
5753
1050
9079
2326
3008
745
5652
5930
6375
2583
2156
6266
8267
4373
9245
1436
1576
4319
895
7642
1393
7421
9137
4628
9844
3668
3746
3267
410
1776
4423
436
8051
5571
8887
9256
7820
3355
4670
7539
5535
4625
258
8721
4176
1966
4341
9357
550
9910
8299
4915
7634
9976
5960
1540
2129
7448
6296
3814
3276
2896
9681
7929
8941
6207
139
9294
7846
9047
7275
