1208
896
1984
301
9875
491
7016
6469
9928
999
7050
2086
6529
3982
9168
3354
4351
4483
8839
9014
4803
2951
3269
6940
8536
9140
5590
9393
3364
5390
5905
532
695
204
6062
1609
3057
3722
2404
2182
164
7050
2079
2607
5076
1232
9024
8863
6089
2452
2838
7543
4010
9358
2989
5124
9287
1067
1037
5338
1724
8713
7077
4436
5046
3442
6959
3385
4565
400
499
7605
8090
9538
3745
9660
8504
3575
6280
3474
1731
566
8718
9983
2477
6700
5989
8760
7781
398
3674
5345
4644
7382
1351
7848
1911
4021
4748
8076
3267
9656
163
2557
7877
7087
6663
934
6513
8587
478
7868
209
5506
7274
4116
8486
6779
7561
2900
3031
5665
2263
577
7162
1416
558
8012
994
476
5130
5109
4211
3507
6176
7725
6857
2182
7578
3537
