4967
2724
7529
6353
3309
6779
3295
4351
2884
1655
425
3897
5369
5488
625
6652
8168
6656
7367
408
6210
4423
2088
561
1406
9546
8776
5379
7736
8827
3819
5662
7083
8395
3173
9583
9000
1564
5638
5882
4767
6154
8261
7926
4171
6333
3117
4327
1873
7205
2385
4163
5769
9582
248
7429
1185
8923
1956
1844
126
4796
2474
6938
5652
2316
2206
9785
8676
3430
9486
3073
9242
7031
3807
1273
9514
3760
4269
2627
9309
1555
4963
8595
8914
2067
5253
9084
4807
2053
4072
1803
6221
9802
111
8928
4835
9669
4007
9419
2127
5583
5394
1053
2152
6369
4852
1222
9991
6191
7030
2491
1990
4513
6170
3479
9932
6959
1637
275
3557
8585
6102
8892
5419
6783
9901
9138
1483
9767
7933
6176
3828
1233
8521
4931
594
6431
3986
6744
