6458
7896
4839
7288
7911
577
7759
6878
6472
3369
776
5589
1221
8785
4545
4957
4652
9446
9981
3774
3618
6295
195
3054
7081
4415
7274
3898
5642
4599
6238
5755
9976
6023
7010
4865
9609
9098
6805
7356
8369
1968
2002
5548
8114
5327
1891
1052
2701
7820
9810
5767
2901
7755
3833
9164
7640
9993
8070
6541
6710
753
5618
3891
8054
805
3190
166
7619
6380
2129
2596
6362
9160
5290
4746
7198
4130
8977
323
6756
8571
7127
2713
2391
3808
1062
227
324
6430
8609
4665
7227
7614
4041
4459
8122
7460
6246
5219
2406
8881
6762
5106
3208
5134
4806
8714
6803
6858
2788
4557
1492
2279
4271
527
1942
2043
129
2372
9639
6741
2679
6014
3077
9716
9039
8677
3460
8065
3001
9020
7345
1154
698
8232
8418
3323
324
3925
8193
1213
8511
3183
5472
9214
7089
4707
5792
7047
9817
5349
6939
3017
5004
4910
3416
7243
5315
5269
9359
4791
8872
1421
2306
3224
1288
8574
8780
6749
8300
3882
7011
7423
6775
2137
2662
4331
4263
7003
9919
1486
6830
9694
3038
9664
6740
115
157
3025
5710
8879
337
6069
8116
8865
2740
9471
5757
581
7883
660
2221
9230
8962
4401
3050
620
8007
9688
