2712
2939
4113
1664
5752
6740
4997
2610
8435
1277
4878
1631
623
3016
9391
3152
8629
132
2769
1284
5836
4503
1451
1050
9200
449
6132
1292
6998
7035
6025
4576
9639
6021
1642
5110
2947
3371
1833
2412
8351
7743
1184
2133
2267
4593
5659
1309
3337
470
4798
6550
586
3316
1885
2951
8990
8814
6161
2156
112
914
914
1609
9236
4041
777
8632
9443
6372
3173
576
6818
7049
4299
7479
9807
9332
2772
1179
1805
3809
4399
5528
1081
4830
8250
3525
7145
4189
9738
697
5601
2089
2345
3569
4899
399
2424
2010
5065
3524
5249
5002
9605
5043
4250
7876
8556
5597
8044
9838
1663
8570
2008
887
3491
5546
1162
4727
876
6324
8868
5468
5021
6288
4937
2757
4399
8535
1904
5994
2374
4408
9547
8146
8952
5838
4907
1019
8581
9438
6873
5234
8688
9802
8008
6192
7994
7981
6703
792
8272
256
5035
712
1873
6725
5624
3249
2900
2286
7426
2381
5290
3143
2363
3937
5699
5006
4246
9401
7987
1793
1513
3189
9695
8644
1684
7931
5208
1238
3023
7310
9746
4119
2458
9713
4005
3788
