9343
1560
1276
2463
4358
3528
5705
3968
3356
9394
8203
2570
4543
7762
1443
2942
6766
2865
684
2931
975
7518
3839
9408
3668
7479
6946
8340
2000
762
4152
9635
7289
8966
1896
6871
8521
2953
4429
9462
9569
3659
2304
5060
6811
1044
6467
4970
6397
6554
7982
3676
410
135
2481
1612
6525
7310
1185
6185
5883
6529
7163
9104
4106
5703
8709
3777
9321
6721
154
7560
5207
2245
1805
6324
3071
6050
5558
9517
7990
2679
8284
2564
7579
9712
3772
4963
9661
8069
5394
8905
3866
5869
6751
5381
1168
377
1382
4035
3553
3644
3661
5140
1456
4263
3474
5532
9269
6303
1658
8350
576
8517
2287
5794
2233
7719
4970
1392
857
8231
8998
8093
1954
7228
7027
1242
1535
2099
2649
7226
113
7054
3420
3027
9463
6661
3362
7235
8129
1184
2493
9533
4815
6343
2364
9271
1034
9944
4682
7865
850
3831
7605
4156
571
7034
8566
482
7502
617
1867
2044
8840
1147
7127
8727
1725
1303
9092
9995
2777
5321
2568
3151
3673
3240
8351
7396
8096
7906
3152
3690
7712
1324
7710
8441
760
6964
5027
5983
423
6888
7818
4468
1874
5554
3380
3763
3598
9666
9674
5491
2374
3718
5006
2477
6967
7607
