9673
9970
1618
8172
3394
1520
6112
3958
823
3156
9977
1427
6806
6293
3712
680
9558
107
4186
2494
802
5063
802
3677
7748
2606
520
2512
9279
8673
2466
9411
8056
669
1221
4814
8235
2011
8872
1150
8325
777
6191
4266
6865
1934
7457
197
9230
9727
6555
7380
7544
2088
3139
2550
3905
5019
9049
366
1474
2615
6923
6650
5325
3566
1556
3895
9754
6328
9982
3172
3589
9445
9070
8427
6420
6374
2725
8650
1088
1140
8090
2792
2199
8718
161
1943
8861
6621
5434
8386
4961
4495
5890
7644
2506
5150
6942
2842
7410
4631
5770
3523
8040
1192
490
3354
153
4782
286
8514
7379
1705
5433
8453
596
6537
3749
2233
