3928
8689
4297
3021
8668
8590
4693
5364
1931
1011
838
5044
5758
6809
5141
6644
6251
5317
7992
2724
8195
8662
7515
6049
1790
3883
8914
2896
8744
3496
4622
7789
4789
2111
6808
1765
5826
3978
7633
2928
134
7549
9458
3062
524
9049
4057
6091
4181
869
3458
3313
4984
3676
3638
2281
8082
1572
1696
3357
1819
2153
9838
8923
3398
932
7698
7839
5067
3886
5466
2217
6418
7969
8764
8835
2616
9486
5605
4088
166
7074
9972
7028
1758
1587
202
784
2950
6788
6466
8642
8631
1602
4133
202
3821
2306
9114
5502
