9264
7859
8152
577
3995
2726
1273
3900
5920
6676
2498
4894
3736
8883
9446
6641
4883
9695
3434
7828
4172
5934
1734
1375
5183
2526
4318
3071
7989
7936
6509
1030
6684
6433
7543
9538
9896
5065
6742
8164
160
701
9108
9435
1679
4110
9104
8644
8478
2956
8177
9264
4326
3450
2606
156
6940
1135
1546
5567
8897
480
1736
2421
6328
9031
6604
9895
897
5184
5394
6627
5868
6410
5832
8758
9504
7956
3401
2108
592
4876
3480
1081
4345
3013
3876
3974
7142
9069
9671
1775
2994
5958
8338
8064
7506
6381
2320
2489
6625
4051
5698
7462
9408
2815
5759
7448
6171
859
3575
5623
7860
6307
312
2995
760
9773
9111
8071
6257
6354
2707
631
5354
8182
288
1791
1956
8306
