1535
2429
1512
9853
1418
8587
3228
7997
4696
8269
3271
834
7936
1923
4474
782
5443
6550
7139
7834
5117
8999
8552
2804
3857
7226
7671
7625
348
9376
9604
4599
458
5274
7318
7200
7722
2455
578
7508
3020
5289
9809
7761
195
5212
3329
7217
4372
6731
5340
3702
1753
5347
5930
677
1524
6061
9840
7234
5874
6362
9356
476
8450
4740
416
5488
7574
2848
580
6124
5863
2775
1522
5611
4870
3152
2420
2189
6088
4047
5239
1389
9377
1047
6608
4991
4250
4891
6045
6207
5771
3868
454
4825
4722
2877
9213
6817
7551
4855
9961
2254
7005
4403
9728
7617
9804
7437
2876
9966
1604
4982
1059
8318
8595
9617
3664
7596
1447
6382
2112
7880
9351
5844
6472
1734
557
1498
5956
116
3426
5697
776
9685
668
235
3797
3622
3438
1551
8897
8921
8045
5740
9811
9500
5322
7135
4382
364
438
3244
4632
1104
876
5279
2901
8740
6498
8340
3322
1486
400
4290
1909
7887
9870
2321
3273
1847
3354
6439
5723
5325
7701
6165
6121
7642
2402
7026
7123
8178
7849
4011
2558
5035
882
6507
518
7095
7653
1230
2066
6762
3886
2631
2258
1505
