7327
6936
797
3902
2666
1903
4274
1376
7726
5905
1234
6406
7927
7533
3061
6659
1005
5215
4643
4469
7959
6574
8907
4229
7913
7610
6290
660
9885
2598
7802
699
6591
1567
8028
6831
8319
7242
6972
6466
4119
2268
4826
9814
5233
3165
6642
2138
4347
1154
2909
308
5886
9030
7669
6568
465
2638
1222
9554
5646
318
6065
5590
4245
1019
9565
1069
9377
4092
9956
8413
9386
1099
6366
5531
7198
6007
4981
9979
7865
7495
1573
6878
2938
8427
3040
1590
3560
5320
5887
2859
7357
4381
5947
3197
433
7490
2895
2650
5107
1841
8731
7389
3766
9778
6115
909
1235
1168
3859
1904
8868
6391
5691
2259
3917
8718
7885
5264
3446
8437
6162
5764
4225
8850
9887
3087
9700
5304
