5684
7371
9999
8419
1570
8836
5754
7271
1725
5543
842
9369
4769
912
8022
3948
4037
8920
6648
8912
4504
8992
5685
9227
770
5253
4480
3593
200
1742
183
4245
6457
7249
5035
9864
6676
3288
2254
7186
7104
1576
4365
9992
6015
4722
7227
5186
7772
7160
6142
7623
552
9064
8803
5130
2811
6528
4547
4987
1230
4830
7638
4205
8056
4740
3485
3189
4745
2447
1740
8058
5068
4788
6529
1499
7217
7324
7160
5206
9292
7832
8852
1258
8352
8874
5950
8793
6002
9797
9973
3352
3373
6366
2409
2773
6948
9760
6812
2321
9105
7627
835
9696
2685
8184
144
1133
2319
785
4132
2572
3444
3258
329
3120
5053
1194
3765
9164
7655
6094
9584
8293
4049
6015
2108
3930
3365
3210
3957
7426
1606
672
5173
181
6336
5231
1003
7044
