4474
3094
6678
4197
1508
6927
110
5592
7344
2384
6515
2670
6239
983
4353
1995
9345
3691
7379
5793
3609
4756
7758
4496
3518
6298
6976
3665
4927
8949
7397
3049
2299
150
5341
9993
7105
9162
4298
9719
8560
1964
6824
3012
8481
9024
1994
2239
3135
9545
7459
6790
9509
9520
8824
1275
1696
1063
5384
5749
5215
3745
1308
2913
2503
4994
4744
2372
7806
2150
1497
8051
9921
6135
2884
5110
7520
8192
4504
8790
2412
2476
9420
7987
9935
4795
7324
2313
9377
2969
5786
8732
8537
1906
6037
1231
4595
6831
9695
7726
250
9717
3806
8374
3295
8342
2121
808
3247
771
3797
2024
1896
2681
8474
4221
9194
8760
8894
2297
797
5461
7446
6064
600
7258
8823
452
7065
5467
2738
375
1526
7068
5393
401
1884
5535
8973
5087
4593
598
6088
7731
2022
9025
5694
5925
1344
1537
6688
8399
3973
1763
3517
3681
5100
5836
9390
4465
