8247
8165
6202
4181
2644
5851
8347
3313
4412
928
9455
8581
6585
2856
6791
6666
4920
6825
4324
6496
5426
3497
1070
9010
356
1546
9233
5111
9168
8832
8120
836
4769
7951
5060
8427
1500
2097
7234
3910
328
9843
7520
9273
8909
5476
8206
344
3951
8325
9156
4748
4641
800
669
6713
6987
6310
3984
2779
5234
2399
7073
449
7093
6916
6048
6773
345
1037
6365
948
537
2423
1946
4505
9907
9818
1154
2804
842
3163
2362
4832
3111
919
436
4610
4004
1614
7702
3794
5508
2671
6223
5336
9291
7767
1010
8249
9082
3459
9602
7223
7572
4296
6558
9828
2053
7298
8637
7858
9824
2428
1183
162
3676
2504
8200
8185
902
1640
3341
3091
6782
3807
7941
5189
1783
7316
3558
2903
9271
9041
5216
7866
5090
3243
4102
5518
8318
2706
1361
6718
4478
2484
8805
2021
8846
4116
7682
5930
157
7229
4951
4138
5525
1833
4519
7971
612
4567
955
6722
4233
1980
6821
9671
9490
1214
9414
6953
2901
5231
7160
570
8341
5540
3201
9831
4837
1307
5649
8907
2534
3335
1947
9076
7795
8521
7022
3361
4665
7658
3354
3562
7071
6952
7330
2031
