1877
7517
560
3789
623
4433
166
2400
949
9580
7934
7610
3569
8260
9550
3789
3972
4102
5446
887
4933
6388
5253
5671
6444
2757
9477
7215
7795
4785
3733
7395
3358
1730
1590
806
1017
9462
5662
1965
7583
781
8590
2618
7350
7863
1386
9104
9751
7847
7920
6365
5381
9121
3844
724
4317
1844
3784
4939
1006
2379
2955
5765
3337
9006
5380
4811
3337
2226
1599
8779
7258
7729
258
527
5693
5756
6324
1973
212
1546
7306
344
7262
3006
9843
2008
7497
9924
6505
8617
2447
7509
6875
2785
449
1558
8941
4443
7248
6026
4286
2541
4872
1119
4165
3949
305
3700
8384
7659
2848
9337
3857
2803
7025
7144
3388
1737
879
8043
3245
6780
7469
1459
5142
8329
9245
6804
