991
8132
4913
7976
3012
6444
3009
1505
7829
5995
6546
6641
3680
482
2097
2137
8044
557
3192
9234
7112
292
7734
9734
6321
8409
7446
1608
9952
423
7742
2208
8161
8393
3827
1527
4955
3587
5298
4041
1077
3141
3146
3328
9709
6990
7068
4232
5854
2906
7501
7103
9353
2946
6446
6683
5175
1331
6672
7851
4046
6944
9940
5004
2892
4210
8689
2531
1177
1165
274
8921
7538
8896
4267
3504
4770
2199
9403
9943
2898
2612
3239
2498
4736
6530
8698
2742
8761
1016
5453
4546
8555
3065
681
9639
5057
4894
2878
171
6652
8248
5354
9106
1548
3416
7459
6565
649
3652
1823
4998
4195
1047
843
9282
5790
3952
3005
6032
115
7544
8415
9369
7786
7708
2598
7227
7310
7832
2445
6711
2589
3872
8673
3444
5957
8269
2060
6370
4691
5938
6930
8463
9968
4989
3079
4483
5790
9310
6968
5703
1320
1611
9877
1381
4965
2793
8561
5824
4646
6901
1837
5147
6618
651
5131
9931
9118
1343
