5403
3946
3489
7089
3983
7102
6686
2797
4010
7234
5028
7639
9678
7763
6164
4753
3432
652
6253
438
5219
4887
1410
6879
6364
3496
5598
313
1579
1896
9791
5721
8437
7554
458
2343
1524
316
8122
3122
4503
1765
1897
8603
2808
978
8369
2063
874
6263
2924
8146
4368
6941
4294
3053
6722
7848
2579
3526
5119
2253
2130
2919
5739
5979
4067
463
9502
4325
7787
3477
9068
5150
9111
7903
1501
422
4325
6693
4759
767
6319
4713
3061
4928
5241
8727
2791
9040
9316
7029
5133
8982
2745
2363
4572
6870
9938
7638
1177
6116
1749
8287
5653
5717
2486
2132
4272
2545
4120
9421
3042
6263
5142
4302
2524
8728
665
4424
8225
3064
1450
6065
1914
4216
4882
5749
2674
4898
6476
9610
4373
2476
4731
4855
3536
4035
5193
9492
8894
3651
240
4993
5072
2847
6387
261
7598
8721
5865
2282
702
8048
1410
8148
8184
4291
2620
7990
4898
4445
1071
2609
1181
1944
4058
1433
9988
3335
2723
1553
1043
7257
8331
8500
1510
981
5964
1052
1811
5301
9371
5488
3400
4413
813
6469
484
4476
2617
5578
2022
5664
9781
3191
4878
3128
6463
654
8851
7611
4531
9445
9062
781
791
3374
6138
4732
