2259
4600
7110
6476
7857
9884
8300
2210
3813
2546
8026
3675
1983
1293
8375
7698
6989
8341
5910
1212
3580
9493
7704
7080
7566
9699
1639
6960
4010
6539
7006
7235
4436
7279
6250
4890
5065
6023
6904
173
3953
7308
1514
7598
9293
7675
1106
2409
9357
187
1936
2972
4862
4225
8487
5696
5361
2537
9854
5999
8883
5090
5944
2338
4626
7850
7350
7254
6138
5459
352
4627
5027
8958
8116
6894
3423
165
9502
6065
152
4337
6695
8846
4404
3255
378
7768
4195
2425
7737
5652
8341
5086
7270
7030
2950
1349
479
7199
9249
3043
348
2291
9912
4670
9732
4755
4969
602
4989
9072
4628
4460
206
5654
2602
5375
4512
9290
7688
3905
6338
3027
7117
9463
5957
803
5667
7425
2800
8476
2583
9968
6874
4927
2085
9372
2397
8312
