6582
2553
5692
617
3188
1685
6260
7371
5143
3485
9801
6028
2960
3923
3143
4857
4462
8838
3573
2901
1441
5121
7027
4268
3343
8912
4770
4723
2291
7276
4931
8254
6386
7637
4898
9291
9516
4562
7697
1060
6999
7421
153
1860
6541
2428
6044
1042
9937
9502
1903
5935
7765
1410
357
5357
3912
4980
9787
9786
7023
2595
5859
8408
340
6142
2071
4849
8812
4531
5773
1744
5247
1555
1099
8754
1565
5840
2980
5156
7523
4810
7293
7689
1197
9420
7736
6756
1506
7021
7152
2820
9450
7685
3512
4534
9726
2754
8638
7381
9677
5483
928
176
372
6417
2480
3654
606
7288
5565
2282
7016
6592
3931
6059
6930
5936
3434
1104
6518
7744
8595
4626
9940
4691
6555
4343
9923
1750
8082
7371
9770
6028
8988
6554
1483
8234
5266
3567
6182
9113
7754
7769
6722
7601
571
2227
3561
1422
7828
1019
8885
2930
1534
5009
6984
6186
2487
8337
9985
2103
9781
5341
6127
319
5103
3428
4800
2750
1440
8911
6565
6084
9304
4417
2821
5269
1735
4920
