4305
1308
9739
6648
3196
2191
1540
1997
6240
2767
6509
4082
7583
2810
9188
3801
4006
1277
9120
1139
3877
259
7316
7423
8977
2424
907
5708
3778
5804
7592
5205
3859
9535
953
3782
1684
1610
5449
3127
5552
908
9939
8900
7623
5323
3238
3167
3923
8904
5987
2374
9646
3844
8357
3926
7015
8121
8538
1456
4910
901
4915
9539
6031
2545
7509
1287
6518
693
1213
489
3465
2313
2654
7283
8829
2803
2517
7060
5938
7578
2195
5425
4071
6335
5381
1503
7828
4589
2802
4586
8280
9219
6376
5300
3087
8675
488
6592
7947
1570
7405
4995
9438
7711
8834
5793
2039
2551
9993
2484
8638
8279
7353
858
4728
4914
4768
2337
5998
2274
8617
2669
1049
7817
533
6910
7250
2640
3766
4191
6471
845
1277
3627
8105
6698
6461
9126
