4043
5793
417
2280
6533
373
3684
2190
3905
995
6159
2561
3068
5213
2863
6818
6630
2970
3098
7138
5105
9802
452
2832
7206
6915
3630
3055
9674
1172
859
4911
6828
5353
4959
3798
7744
3894
9553
7904
4637
9176
1211
7209
8896
7981
4464
5916
4214
4115
5483
4081
1526
8863
315
1618
2689
653
2460
4887
8001
9524
3352
1991
6730
6993
7400
2239
2466
5304
3887
6135
4620
7971
1390
2922
282
853
3870
9934
4619
722
8280
1399
5541
7253
5185
1163
253
3018
8755
3511
2798
4056
3357
7640
6550
9527
3406
8671
9094
7334
5791
1680
6335
6112
7276
8717
7738
6197
1633
5822
5016
3296
7905
5947
2405
2615
6060
7710
