4578
2374
1723
4720
6808
4970
8510
8805
418
4314
3687
990
3129
4145
6491
9533
4694
4534
9043
3115
852
1181
7561
7049
2294
3117
4786
2618
364
8167
9258
8694
2356
8498
816
8341
9774
6251
7248
8381
894
5050
9001
1449
1702
1157
6042
9922
940
8819
810
9078
561
1477
8664
7767
7714
799
7789
2145
588
1392
8360
1435
9743
5120
7346
4775
1766
2609
8241
723
2373
7400
2984
5607
6869
5608
4752
6881
2579
9106
8622
7452
6876
7572
1247
5392
5110
5193
5005
167
5678
866
9588
2441
5867
5923
5034
8102
6214
9524
7729
4666
6053
562
5292
9514
2259
5109
7093
8615
5368
4450
8143
7670
8589
6975
9107
855
3015
2252
8039
9906
3630
7083
3445
6402
6245
2868
2321
8579
3616
6120
6077
5034
5338
6697
2147
4850
7639
8602
5911
105
7528
854
3009
8026
2972
897
8771
8772
8382
8428
4397
3230
7532
1755
8147
2876
9261
4256
7059
3249
6855
1473
4036
6304
2839
6546
7266
5586
1065
7606
9702
448
310
3485
9246
1494
1790
6431
365
3328
1633
3364
1732
6834
3724
2717
1643
1148
2200
9519
9540
6025
3454
2564
1956
5929
4051
6570
5964
9778
3025
5262
6234
2588
1513
4169
8952
5789
4284
3665
9644
3100
9050
7753
790
3981
