2902
2735
8464
9341
8069
5876
7830
7299
8412
4429
3216
2942
8377
4408
148
6047
9072
7976
4048
802
3972
4936
1963
9264
1594
988
7172
4986
6778
7204
432
242
6385
1157
5000
5107
6960
3980
4251
9672
1850
5912
3906
5189
5512
5913
2147
6371
7951
4612
1543
4883
8488
9684
3127
1850
9724
627
3191
6417
9655
9226
7906
550
742
9590
815
2873
150
1454
5303
6170
1920
9648
5230
6228
9160
2622
137
7299
8442
9783
5096
5465
159
4159
5775
3695
9412
2954
8533
9231
3034
3701
9089
225
1266
7255
8082
5168
5267
5509
910
756
3372
2854
7001
6366
1211
7511
2544
3321
5426
7991
6602
2979
150
5201
380
5301
3934
8167
3948
2888
2843
2959
4281
9538
7073
8372
4770
1705
8815
3027
3942
2151
7039
3227
9319
1414
2545
8217
201
2495
8941
4717
2589
1232
3242
3317
