6929
4361
2266
7876
2658
2837
364
5739
5538
8086
866
1905
8976
7212
2350
7143
3868
745
9757
7363
358
9809
3029
1954
4962
5141
3224
9968
1829
3341
6353
9736
5778
1315
6322
3310
3029
8658
834
6029
7656
1431
4414
1899
8949
9927
2323
3222
8588
5654
980
4319
5769
8246
8694
6643
1189
8853
6977
6671
3262
7479
3498
9311
4970
8158
9463
8234
4982
6386
8834
9591
7654
3128
8489
9112
9129
3050
6090
7185
8333
7119
6461
1286
7467
5660
3286
2610
2199
8031
3695
4160
9202
3554
4360
2167
1712
6898
7714
9278
5399
1579
8057
1357
3190
6140
9073
1467
2237
8165
9658
9040
6940
4245
3945
3172
8150
3218
1316
1732
9237
1035
2965
2253
3016
7169
2799
8014
1795
8620
4025
4344
6687
6985
9389
2613
6933
2750
5863
3676
8842
3973
6955
3728
9083
3452
173
7407
9111
4482
7068
1722
3119
7764
3522
2102
1347
7362
8160
8817
1664
7875
8749
2343
8903
5434
7891
6383
8353
9168
2164
8374
6702
7055
8269
876
1429
3826
1972
5435
9856
5789
5953
2483
3859
7728
4814
5607
545
8385
