5492
3870
3597
6960
1197
2517
8227
474
5624
6070
831
6104
3819
9816
3391
1678
9536
2079
8114
5259
8516
2409
6167
9503
1203
1346
1526
2855
931
4444
9485
6779
9721
9809
6919
6092
1832
7016
2392
3689
8721
6663
8532
5546
802
9488
7690
3136
4202
4313
7065
7586
7255
8110
6687
9850
3884
7643
8955
8885
5393
7589
139
6783
3530
6304
2802
126
3280
7085
5111
5426
856
4970
4610
3007
559
4020
4402
2102
5474
9175
4529
8251
7245
8429
6345
4989
9965
1659
6689
1922
4673
5855
9887
3086
8827
6404
4270
5560
4365
8170
1194
2504
1396
2836
8380
4493
1618
7400
3755
5483
2383
8599
7011
5554
1995
5405
2612
2099
7652
1134
7622
3731
8061
6738
3852
8703
7676
1358
8869
2657
6159
5438
6178
9794
6876
3771
9759
1297
9444
4762
7351
1585
5867
6873
4899
3193
1357
5828
7448
5495
4062
8788
6544
1933
9492
1946
3336
4133
1989
6666
6222
2336
5598
8831
2216
111
9176
8647
8166
4088
8601
8754
4099
8228
9204
9051
8959
7413
5209
900
2483
825
2116
6606
6763
9243
8950
6142
