1673
4436
8636
9564
645
3720
4876
7924
4788
6531
933
8139
5459
7634
7910
6787
5919
881
8272
8631
7221
8822
1900
1756
9248
7817
8970
7351
2855
6679
2953
9862
320
5851
6870
3197
4886
6188
3035
3048
3898
950
7470
9166
6014
1778
3995
8456
8980
2163
3274
3937
735
4413
9427
3532
810
6809
1304
3734
3584
238
5472
3755
9310
8019
2060
6983
5281
2060
846
992
7501
8038
666
6563
9558
5669
5258
5103
8511
4357
1438
7019
6511
8803
1444
6174
5137
8881
1246
4488
1283
6983
8312
4609
7266
8641
2985
9686
9767
5370
6649
8313
7907
4146
2328
7742
7799
151
1841
9409
5702
5134
4135
9071
4063
9117
7438
2193
934
6443
5619
1232
8382
7077
8128
3605
3833
1814
1281
7614
4452
9569
130
406
3661
5709
6681
9296
3463
3732
4355
150
8652
4993
7800
2648
1884
6681
2167
2583
9416
5064
1614
9995
5005
4926
4352
8619
5725
1979
9124
8907
6622
2139
1541
906
861
2552
1153
6290
8562
2723
2306
1822
8412
1027
1555
9683
