8167
9888
4986
6626
9086
3970
4102
1330
1699
8221
9380
3529
8979
1566
3894
9317
8802
5121
9247
1138
3539
4851
8885
8513
5169
406
3783
8259
1989
2325
9134
5618
1530
9938
9035
862
1859
9812
346
8557
9476
4762
9491
1520
1961
4742
799
8052
3972
1246
7529
6510
8588
295
5588
3850
536
5541
6231
5588
967
5387
7255
9481
4270
6890
361
4882
533
933
1630
4113
6675
3659
1363
6719
3329
8521
1629
2015
4009
9582
3146
5213
9149
8969
600
4803
290
2140
1804
835
6476
2535
5766
5755
4215
2765
8874
210
4037
8603
3011
4121
6005
6191
2285
9097
1530
8684
6824
1936
8246
9844
1336
9778
4198
6820
6348
6839
4815
4584
9727
5368
9474
2745
1983
9077
1957
4017
6476
7525
7198
6812
9450
3315
6409
9437
8075
7942
