4677
3323
6322
8643
9345
324
4039
3916
4097
7433
1027
7486
7709
3601
6772
2919
2018
3745
8602
3434
6392
893
4461
5436
2208
7534
660
9742
2307
7030
107
6601
2785
201
3582
831
9143
1514
9281
1034
3149
6120
3414
7253
2111
5419
5808
2717
9130
8546
1853
5453
4931
1347
4979
1127
8719
7965
5220
2542
9985
3964
4094
3625
2936
8412
9705
5269
1977
739
8374
4179
220
7293
374
4332
2217
6797
6169
790
3836
3133
7394
4824
3880
1700
769
1492
9119
3782
6488
1741
4558
5040
5365
851
9790
6074
7914
3003
2089
1082
6454
8907
3607
3171
1153
810
5467
7752
293
2629
3514
8213
4108
360
5782
9206
7440
3372
3752
8429
9370
1994
5236
2222
3245
1138
2270
8159
9722
9180
3910
7506
8473
8738
9879
3328
9944
5646
4230
4017
9586
7271
9525
9252
519
4025
9327
289
