8696
243
1810
9160
6989
4693
6525
5372
3887
1046
845
7409
784
5466
932
6164
2331
4731
2981
4318
9806
2084
7289
2414
9968
9926
7895
9354
6512
7075
242
5638
9504
739
474
9192
1439
835
4030
9474
267
6825
6455
1936
3772
2218
6947
6892
2435
2232
3240
9102
3290
9422
3979
2208
1839
3151
2911
9089
5152
3298
346
608
7331
9063
6431
7122
6218
3874
9462
6794
3652
4516
7360
4327
2886
6587
6734
3188
7969
1694
1339
7432
156
9759
8846
5386
4820
8840
9073
2321
1140
7658
2403
7800
8869
858
6500
6690
1014
1121
8077
3114
5829
3526
6787
9606
2278
5367
2121
6509
7529
9506
1710
5437
4570
9229
4817
3893
972
5752
6419
3125
1769
2436
4446
3687
2687
9264
4647
7076
9407
9116
7372
9918
8129
4426
9515
3729
8945
3585
3674
8292
142
8096
9241
5813
9704
6590
5121
6656
9399
9638
6005
7556
934
9555
5176
1133
9690
204
7918
1977
9989
1076
3207
6644
3429
7276
