9193
5870
630
299
1636
1171
8766
6685
1617
8044
3474
6439
9594
704
8152
368
5654
1219
347
8350
2949
8259
4264
8357
9757
5790
9939
7979
8593
6248
7744
9237
305
4238
3200
9072
8414
7962
3557
7909
1730
1144
9168
7943
2630
3190
5831
9996
8563
4295
6010
6917
3894
1099
8730
3223
1365
6474
225
5332
1220
9916
7315
1057
8969
6119
5251
363
7596
3536
261
6446
9541
6560
7967
9793
7741
8796
6773
3334
244
7420
1394
3518
9467
8921
6977
495
3231
500
9179
979
3565
768
6645
7103
8842
4920
1394
8625
7976
5823
6975
9721
3378
1953
1427
2544
3776
5168
794
2203
5967
632
5458
4794
6423
3685
938
6919
175
6525
6077
4708
4571
3337
728
6890
8366
1719
