2071
3467
7934
2949
4010
3864
8904
1338
322
4861
3427
9372
4576
3649
1437
1938
9053
9537
7873
6472
3880
7632
1371
7251
304
5352
2930
2355
824
700
781
3928
6614
4408
8435
6182
1878
3003
7777
1758
1689
8970
8105
5910
4253
5888
4252
3235
5965
8573
1098
6109
774
142
4013
7231
2226
2537
9407
5592
9222
3579
2780
8510
4450
5579
3752
2229
7102
7888
1794
9388
360
3210
9298
7112
4700
1852
758
9003
8017
3914
6092
5549
7555
8130
5999
698
4581
9747
9443
6214
322
5720
8217
3949
7950
2736
6445
5145
5113
1581
7160
2679
3801
5743
7667
8991
2526
7290
