7032
4202
6369
5023
4430
1270
5442
4382
6551
5325
6652
8701
2376
9006
7509
6398
3661
4646
8540
4340
5489
2881
3114
5251
7611
8235
6120
9549
750
7030
3760
4799
7055
6811
5281
8361
2818
1695
9369
6526
3652
4646
4691
1049
2992
2301
3854
5226
5260
876
4873
2858
5933
1575
5037
8179
2085
6922
399
4788
844
5303
752
7667
6421
6493
2566
4092
4867
4417
8262
7085
7738
2129
3694
4951
7245
9646
5378
3895
2944
8026
327
8038
5599
9470
5462
2603
7125
9641
5284
7468
2654
530
4967
8238
4699
7958
9024
8182
4053
544
5407
7991
9396
2956
4804
8205
8345
2457
1337
8979
3525
1830
8957
3275
3886
4138
3911
5453
9943
7260
2507
3176
8442
6503
3949
5635
9812
2624
1877
6578
8275
7337
6924
2144
7338
3006
3172
4340
9859
9286
2810
7768
2470
1286
790
2326
9570
279
3186
6906
8114
3307
5123
6754
9912
656
9107
3388
