9092
9127
4983
7720
5792
9759
5945
7014
4416
5390
7488
8255
4253
7502
9134
8571
2014
2165
5235
1455
3482
9607
3185
680
5819
1868
4742
5157
6684
9395
4471
4023
8304
7922
690
2755
796
3722
9549
1184
1285
8596
6527
1114
5036
746
1271
6468
6364
1063
4590
9442
7208
1886
4221
9817
7922
248
2067
5959
3548
9076
8593
8549
2065
7067
3513
5825
4573
1305
1669
3349
3755
2176
4590
5537
5870
9713
674
5730
8214
9685
6141
2969
8678
7516
1384
4135
5900
8782
9113
3817
1841
2943
2857
2339
4463
5667
4186
2891
4795
5958
1033
7453
2042
3443
8919
2205
8360
8760
2569
542
3679
5564
2631
1570
3447
4422
4061
8648
5870
1892
4085
6477
956
8970
1931
8502
5245
1150
3876
3839
4809
8789
3417
3508
1117
1737
7235
4980
1525
5002
8552
759
1840
6171
5777
3913
1338
4630
9502
9874
5311
6892
2204
1955
4004
5762
4127
727
2132
6922
9842
4021
928
7029
2624
2188
380
4400
