7903
107
9566
1780
936
5965
3642
9792
9032
4482
6710
9324
8134
2914
2905
490
9512
3696
2117
4684
7343
1490
332
759
6733
3875
8012
4556
543
3234
371
5175
6753
3877
8737
9020
4574
3961
6396
9137
2955
5284
5629
3741
9711
6134
6689
893
9117
2557
2942
5277
5712
4106
2132
3644
9068
8186
4113
1155
2744
9035
819
4715
5783
7662
9702
3210
1284
1951
5911
2280
6850
9844
5584
2012
8790
4693
615
4008
5022
4923
5566
7615
8529
9158
4059
6285
1599
8965
5878
2674
2712
5843
5936
2078
6933
730
9849
968
9650
9435
1252
6062
4473
2495
555
1221
8282
4238
3212
4394
4981
7037
2070
3711
2401
8190
8210
1222
6273
5317
6729
4217
8962
2212
6187
5659
2062
5371
4440
1842
4795
5512
3124
6683
1267
814
4557
4562
8479
3361
6143
3029
4505
4997
833
1598
4050
5561
7324
9350
6453
1007
8941
5629
4750
9144
9540
9702
