296
6512
2375
1732
7653
837
1126
7622
4655
7690
7392
8752
8039
307
8530
8970
7244
5834
6133
9049
5932
1509
1746
2135
9763
7528
4882
7571
5316
5827
4278
4650
9124
7545
2608
7819
4514
4323
746
103
6537
4581
3888
3692
6530
7567
3570
8830
1272
9536
6606
8478
6161
2357
4877
4118
3247
420
6509
9334
1507
9518
8538
9472
811
9227
378
1087
7105
4380
812
2017
4449
3881
1834
7793
2341
1532
9708
4566
7746
4179
6673
192
7259
6436
3026
5093
8475
7360
5342
3599
9112
3358
8978
6954
116
8533
8296
2456
8351
2221
6321
9614
3403
9132
1401
2318
5733
1911
4533
2600
4995
3590
7933
4102
5705
2082
3032
1645
1348
740
2894
9169
8420
9559
4079
6738
8581
8433
