9196
8579
7321
4946
1535
836
9974
2957
5109
4940
4769
3500
3824
8879
8960
5715
5636
1604
7584
4403
8830
7219
8936
5548
2508
820
7309
637
3412
9977
9249
1576
7591
3746
5946
6406
5670
1001
1266
1305
5492
4933
7835
9453
7224
6798
4332
6440
781
7868
1520
6929
2406
2610
5735
8909
2941
6135
949
8996
2508
237
4451
9112
1665
5073
8687
4843
1475
7846
663
9707
7116
7346
6779
975
4861
6166
4502
2282
5527
5531
7577
5862
2461
6000
4901
4416
7273
6358
6559
5251
3158
5224
6604
3557
7907
2261
2558
2488
1141
6936
575
9284
1787
4977
6513
3572
7146
9502
