5912
3466
1105
655
9431
6036
9899
951
5707
3896
7601
3762
9415
5180
1627
9519
5237
2199
9079
1150
1494
3667
2120
7860
4884
937
4230
3241
3214
8983
3507
5917
4577
8704
1469
6749
3582
732
2400
2104
6189
4633
1027
2397
8157
9550
5185
9723
8348
1101
7864
4577
5854
7885
7208
4687
8013
2634
9647
8886
8937
3554
9431
4613
5599
1754
283
5122
4388
6821
1044
2408
6715
5519
4157
8803
4637
2969
3201
785
6220
835
9857
1639
5436
5681
1477
597
448
8034
6369
6245
4342
4119
5667
1728
2675
8768
650
8185
8106
4595
849
6687
7347
2848
9718
1996
3913
1943
8596
2628
5600
2222
1216
4845
3110
5089
8917
730
1985
4316
159
9273
9490
935
7801
7873
6230
2374
7308
5971
9710
5627
4631
7633
230
9149
6681
5174
4630
3511
5949
8777
8216
4039
8605
5321
9823
3377
8575
744
136
6489
3525
9418
4272
4105
7953
2242
