8537
3913
2171
2623
7012
3877
7670
3531
7833
5698
4858
9141
5395
2838
3288
9913
3467
5995
1694
3452
9191
973
150
4804
7428
5752
6495
8568
4704
6149
4215
1415
7285
7323
1784
657
1525
1210
9649
6310
9470
5136
291
187
460
9618
2385
1981
7885
4804
2381
7700
8183
5026
4551
3533
274
7200
2617
1710
2691
1808
793
2912
3057
7585
9386
1785
8260
3951
6815
2690
3472
6539
7663
6400
1518
4385
1363
365
7855
8033
8860
5868
2484
4003
5152
5868
9167
6696
3161
9525
403
2268
3869
999
8299
2854
5379
1356
7102
9053
7679
4372
9752
1138
1643
7328
7855
3713
3399
1457
1148
3259
869
1920
7915
6572
2782
388
8790
5582
2075
9603
2409
2167
2433
4861
5007
8943
264
6365
3205
7336
7962
3474
4836
9853
4757
4143
7137
8389
6253
7009
7706
6876
5273
9589
985
6618
8235
5401
2284
3959
2760
254
2520
3800
1595
8388
9576
3392
2115
5157
9445
2031
4774
4267
3168
1938
6455
7084
1647
7389
2706
128
5393
4426
347
1894
6809
2338
550
1450
7340
5418
9872
6840
3290
1372
