7156
9474
9945
7143
6498
2164
538
7442
4913
8650
1611
6431
2423
8648
8033
9479
8633
1638
2265
1315
9766
7324
7937
9950
3760
6588
4094
8444
6850
2679
9990
3314
712
7112
6400
5545
5834
7916
4345
8299
3357
1359
5845
3653
7076
2291
4470
102
7716
8696
5525
237
4311
9231
218
6268
1207
8658
9048
5178
3175
4438
6087
1124
2716
3473
8747
496
5917
8583
3153
4155
5690
8255
9129
6160
9548
4418
1483
907
2990
4217
3079
8239
1164
4012
4959
1101
3060
4643
8567
7714
8048
8484
5796
6365
9473
7297
3492
6075
2646
3395
5645
7204
3380
4968
5001
5659
3700
5563
5537
4884
8363
4945
6002
9420
520
9476
861
4016
142
9534
4580
2545
6392
5032
3916
961
4541
3503
8600
2876
865
965
8864
2893
5565
8229
352
8497
8005
2104
8314
2366
1649
1720
4582
7750
6592
4673
8845
6848
3669
8902
5404
7251
8121
5390
7836
1613
