6353
3192
5450
5860
8776
623
5040
1079
607
3473
4036
7191
1152
5546
4109
4277
514
1236
8608
5622
2766
427
4814
1059
8225
5837
9182
5627
1799
7683
5414
2161
9741
8468
5785
1750
2076
4893
8993
9571
123
4206
7606
6118
9783
8939
4248
9534
8085
2384
5685
7406
6134
8929
9558
4802
3069
8582
2793
3965
7004
2352
4726
4006
4400
8190
7661
3464
2542
9929
555
5558
1858
1996
4576
8184
6502
5200
9949
7721
4042
3078
8592
2691
9326
1296
7846
7948
9046
8251
3828
3668
8866
7424
5356
1241
8139
458
5639
9956
