677
950
6614
5996
2984
9759
6937
830
6594
2841
8574
7872
5230
2978
717
2838
4215
5051
2239
9857
5560
9620
9928
8722
7771
9742
9684
896
6360
8121
2696
5418
9563
8436
8117
4101
342
904
9696
3469
1805
6822
7558
8938
9523
2181
1889
4320
4364
809
8890
4181
4680
9166
5992
7790
5223
2012
152
9733
7722
5312
9138
4859
4774
3583
8678
1364
3033
6157
1004
958
8118
6335
2664
5040
1029
8275
2375
2218
6458
897
7509
577
4689
6557
136
2415
2716
2516
4231
8974
7926
4987
3003
7965
9533
1535
2929
9111
8202
2672
6771
6719
6697
1258
6808
2083
6464
6692
1441
1478
4625
2297
8842
6389
6392
6406
3259
5015
4745
6738
3216
3263
922
9894
3119
5605
5322
914
678
9758
2132
1035
5313
1509
5164
5140
234
2407
8560
434
5801
3164
8095
3159
9804
3663
9111
6836
5296
4683
2702
5221
1017
6648
1537
6755
7059
7067
8848
1296
3638
4578
2290
6778
1982
8763
5721
486
1901
3688
630
6903
8932
2774
5191
1047
5721
7072
539
2233
1758
6535
9582
6119
805
1064
2700
6819
