6699
2254
3723
5431
6970
8656
3863
5356
576
368
8015
2552
5652
6127
2581
7402
2259
2824
480
4246
9275
6343
7489
7979
8764
9549
7286
3300
4128
879
7497
5341
3934
2392
6139
4933
6108
1620
4361
2337
8874
2049
786
4570
302
275
1576
2957
9516
6903
5366
6169
4509
8232
9071
8081
9655
4836
997
3803
2565
7097
7603
9771
6806
9615
1695
3669
1556
5310
6136
3940
3132
4751
6681
2554
8417
4066
3352
7152
227
3100
1799
3665
817
2695
5031
9716
5600
2075
658
5905
1906
7760
3493
3670
5280
357
9630
2505
9908
7755
3211
9135
2631
5178
1622
3842
3616
5527
4136
6000
6595
5850
1282
6898
9822
7422
2157
8208
2882
4380
7076
3218
8712
8729
193
3306
2062
3469
2598
9118
5535
3871
9879
8428
5872
2866
7163
2151
6548
9624
8921
1191
3243
2405
382
5994
116
1534
4972
5777
3483
7609
6914
6340
4961
3560
9697
2568
8798
4677
145
6416
9742
3373
435
2541
5336
1675
