2699
1459
5242
4478
121
5957
3067
9145
1934
9417
9518
2112
7545
1774
1421
4803
1738
6762
8097
9081
9673
1566
6928
6269
3742
3886
8372
2798
6246
7022
5719
7083
4843
5519
1051
8338
1974
6988
4119
4389
3645
5342
4724
2892
5825
7049
1835
6077
7813
9179
1899
2758
4761
3749
9216
4019
494
779
9548
7661
3780
3541
2817
9083
5820
8291
7472
8492
6570
7550
3127
1646
721
282
7520
622
1246
8870
9704
3486
5028
9429
7452
9845
1151
3589
6482
1453
2819
691
867
731
8402
6256
6916
7637
8414
1179
3862
9074
2396
8292
6656
2727
4116
885
4503
4410
3943
4297
