4448
8754
7326
1669
9759
9810
6073
7826
1174
9168
6997
2857
1576
5271
6419
2248
8932
7668
3820
7612
9000
2297
8809
5605
8906
5792
765
6662
6928
1709
9227
299
4497
9282
4529
8354
912
7360
8476
7194
6190
2935
6796
2338
7520
365
1281
4587
4675
1103
4743
1632
5305
3330
9100
8622
3963
2404
9326
7351
7726
9298
119
7881
2395
1255
3554
2848
2976
9153
5932
9139
6257
667
9431
4576
9855
1660
6305
3273
3159
6398
6642
3818
5176
1102
303
2036
4633
4534
2801
5288
8935
4576
2082
7656
1390
1396
4743
1863
5922
5779
764
8625
2495
7811
6615
6696
9322
2268
203
5749
5454
7927
7527
3132
1429
5139
9845
1315
1271
3396
5028
2764
4268
1138
9134
7053
5101
6715
2420
3830
1325
2618
7534
9898
4847
4127
9779
8023
8705
5313
1964
4858
2415
3287
8927
3088
1162
4928
130
1731
8192
7075
8344
3697
8296
6548
1575
3189
5914
8222
7006
4021
2463
4849
7809
3457
1330
6129
2841
6446
710
6955
6637
3367
3371
8357
9268
6980
1638
7011
892
5432
3188
3045
3356
652
6842
2302
6862
8611
7259
1672
911
104
444
2145
1460
6107
9345
4480
2031
9291
5561
5595
901
1631
6120
9479
9950
6209
4804
3309
8942
4188
1705
6949
651
3444
