2737
4369
1134
3161
9147
4676
3940
6071
3978
5329
4727
6854
1074
7338
8798
2700
6432
3720
6072
7798
8534
8196
6338
6388
2510
8482
1475
1349
1223
6164
4840
9184
8940
4779
8804
363
5273
7622
2406
1595
1047
313
3440
5251
7013
2720
1914
3729
7421
8058
5597
2430
6142
7420
1197
1809
6801
1037
950
2736
2663
800
1654
1869
9207
7890
987
8391
3345
7129
9259
5198
970
4849
7195
3912
9771
1184
5380
6086
1054
6392
7826
5028
4858
4473
7103
1567
4749
9542
7410
9466
1718
2853
2291
7098
9596
9409
8417
9481
3176
9052
7875
9270
1033
3400
2857
4840
1585
7854
4778
9020
3809
8620
6803
4995
6497
1254
687
475
3229
841
8088
3267
5884
1942
8425
1335
9741
2368
5687
3357
1741
5561
4447
2318
2542
6624
5184
2843
1691
8972
1641
7069
5173
1205
5462
4262
8049
9642
9097
2826
8130
5960
2903
3262
2966
4285
6947
4329
