7662
294
7430
6649
9112
9385
6471
3141
7377
7098
9523
7981
2682
9201
8489
286
5210
1719
2495
3269
5264
3210
9205
101
5109
1909
3043
8370
9045
2325
9257
3151
2792
8548
3456
344
7198
470
1819
1140
9681
6868
8142
3744
224
336
1422
3308
6928
186
1244
377
8244
3093
3456
5496
789
5357
8843
6459
7166
9717
5737
5460
9126
5125
8336
7892
5316
4464
4981
8600
449
3580
5674
4041
6003
7960
4516
3692
524
5301
8560
3540
3839
5536
7700
8749
419
3989
2534
4175
8505
8820
1275
3217
7055
9557
141
697
2927
7506
9410
2819
2751
3848
3521
6169
4058
2051
4571
3102
1037
4476
8700
1008
1739
2100
3572
4009
290
6889
266
5565
6463
152
2545
2785
5113
9901
8346
4878
9356
1076
6675
4826
6650
9489
8024
2019
3626
3636
6105
1964
125
1950
2053
9401
8983
5213
1933
3841
1413
1876
9921
9358
9203
6477
6132
7881
702
7524
9668
7931
6909
7648
3320
275
5480
4701
1466
838
5019
2735
7515
1374
3952
6157
4596
6650
5502
3987
8976
548
4121
3900
605
2919
5911
7425
6045
9484
3631
6662
3284
817
4815
8498
9381
870
1467
2748
8701
3533
6732
7760
1834
4133
3813
5949
2324
2741
3672
9369
4033
7968
7206
778
447
5657
3106
1519
9223
6259
5382
5957
5732
8496
3955
2153
5285
7555
7353
5679
1476
5107
1012
2998
9792
1157
