5099
8949
9288
7507
1413
8788
3546
6949
7073
8023
8222
8924
2262
1924
9928
6653
7819
5008
7011
630
1835
4895
8022
8718
7716
6322
8202
1017
8256
1829
4481
4589
536
395
4545
4713
4398
3044
2290
821
9952
373
2046
3198
8169
3299
1821
9654
4947
4963
7729
5323
7723
335
7119
3128
5938
8700
5183
3425
3544
8732
4006
6092
9172
9041
2277
1128
9069
3966
1390
9175
7492
8458
2178
2538
7086
2238
7495
5354
8129
9760
8127
6982
5656
3923
8719
9869
9461
3646
7770
6457
4225
1635
8226
1675
7806
5814
2746
8839
8811
9396
3488
2941
8511
2201
8110
5772
6420
1540
5746
3164
9827
2312
6286
7351
688
7234
8411
6781
5430
4008
889
7074
8787
8636
8795
3920
5721
1440
9526
2019
6068
9027
2132
2768
2675
7109
7753
7428
5621
5216
6766
9019
6793
1667
3383
7334
3794
2349
6595
8866
8921
2961
8721
1252
5258
2520
3075
4548
2092
1545
6567
5312
2003
8057
1550
9120
5789
3527
6611
6733
1439
8038
350
3575
3044
9104
5205
6023
1634
3095
1945
2944
803
1632
1151
6207
3500
7331
7255
578
2095
6876
1994
8537
7706
6324
729
319
