9710
1102
1749
4156
7643
7817
2369
4161
5628
7850
5489
5963
9989
8227
392
6993
9951
9066
5983
2368
6740
156
331
7676
212
185
6332
3115
2784
8951
536
6483
3480
361
3993
223
7640
3387
9029
6354
7482
2377
4345
1665
2376
6553
2803
3204
1509
8092
304
8513
380
1626
6788
1865
4101
7588
4533
6020
1314
2332
7339
6627
2859
4917
6881
5261
3972
8114
8463
327
7591
8300
3345
6430
7704
1561
5934
7059
9659
2790
3949
8613
764
4505
7042
7891
8151
3468
2843
4969
7899
7661
7883
9690
7141
9244
6929
4085
1183
3238
4505
9534
5045
9892
8537
4139
2760
9219
5709
7677
6477
2726
1466
4189
865
4505
6379
417
5411
7628
2727
7752
7333
5860
1859
6568
927
3114
7551
1949
9399
5759
3739
7483
4598
181
8649
7789
6932
4967
2855
8815
8344
7053
3276
6504
4498
9992
