7216
9858
6916
4271
3059
5852
6900
316
6451
2175
7009
9634
6282
3352
3356
466
1996
9683
816
8834
8065
912
5470
8911
5546
6670
4205
2958
8892
1646
3124
820
3208
4682
5381
1519
7548
6145
2393
3648
3860
9889
4157
3758
1786
7985
2290
7190
734
4177
8646
5596
3312
5140
7241
3120
7221
394
5812
8690
1416
2877
7244
3011
6832
8186
3968
4037
8954
6374
8453
6687
1419
3918
3680
7860
4427
6067
703
586
4478
7954
783
6550
6593
8269
5245
3849
1594
719
7475
2219
582
5225
3663
5397
3114
7916
5849
6753
6358
3350
9157
1375
8568
2028
5717
2701
9622
1843
