9396
741
9837
7998
2349
803
7218
6457
7224
1295
4754
413
6137
5643
263
4277
8476
8004
5358
4088
1049
2144
9645
9524
8961
780
8825
5415
7357
4573
3336
9572
2129
8010
663
4816
8380
987
7101
5783
1860
4998
166
953
6978
4887
6243
8849
642
6742
8554
3674
4318
9477
767
5205
8898
5390
4594
8092
1807
5807
5586
9052
6217
4822
1667
9328
3977
4547
8701
522
924
7895
9098
809
7726
182
1374
9869
3739
197
6817
4080
2321
5432
3540
5720
5923
3764
3968
1139
3845
1664
154
2352
4814
3822
400
9173
6499
3296
7273
6722
690
1904
4783
3048
7225
587
3290
7203
1196
6334
928
6315
8324
6900
3146
6985
5299
885
7956
6592
7880
2455
807
8515
8984
6728
7826
5731
6904
3044
485
2559
8772
9078
8846
5070
9118
9346
1866
5092
3204
5662
5881
3428
8315
937
