3036
7078
336
1096
9804
6252
6159
2641
2836
5132
6537
9377
9004
1479
2607
260
3200
3805
2524
1322
6631
3373
112
8799
1044
4541
490
7720
8266
1012
3381
9669
7743
7351
5344
4927
946
4125
4594
1347
1816
5616
3737
9443
943
1728
1656
5228
3780
2934
4448
2405
7111
1926
4145
941
1507
1045
6364
789
9787
4560
8333
4349
5165
5228
3904
3057
5618
6699
1231
7369
1013
2004
6831
4579
7203
5365
3330
2601
566
2106
3262
1506
8538
2507
2577
7770
7702
4635
3895
9979
3774
4548
6550
4490
7246
339
2951
2965
4837
1283
5722
4241
1152
443
5935
3937
5268
1767
2524
7648
4749
8456
4439
9073
7359
8231
1821
4849
9687
5289
3905
4091
5543
3782
7133
1623
9159
9540
9751
9672
8812
2855
3656
3230
9450
3204
9476
7718
