8994
1083
531
6621
8360
3529
9502
7174
7245
8618
5636
2166
2006
4399
4707
4000
3930
581
3301
6282
6929
8148
2054
2002
2851
2258
1649
1278
9181
8678
9100
4327
8240
4810
8178
2148
279
850
7526
6833
1727
3175
2428
3983
9067
3098
2601
7543
8844
4501
2770
5884
6220
9687
8016
7936
827
5129
7319
3917
4094
1142
3443
5155
2130
8501
3739
7128
3846
1068
4751
4140
7327
3731
7116
1779
8848
1853
2666
2143
7741
3056
5292
3089
568
5845
327
9655
2247
969
5059
8570
8794
4227
4820
7104
1123
2496
2812
6525
4957
362
5885
3307
7554
8247
6100
5805
2795
6700
