4891
9337
7827
2142
7898
6457
4519
8140
428
6052
4576
7707
266
5726
9125
7590
2047
9111
9215
9071
2015
3764
2588
8383
6981
8958
3141
6244
3127
1817
6780
8651
2263
3871
3341
5436
2517
9238
9824
9920
5689
1819
4834
6030
7257
776
1863
9846
6733
4174
2160
6823
8044
3237
3283
6091
9449
2119
4808
8094
5455
8804
757
4861
8646
3974
299
6000
2314
2543
7797
8232
2472
2378
1769
8193
5601
7819
1665
3036
9554
3059
211
9463
759
2207
3953
2607
6857
5260
2362
5624
8335
2670
2492
563
1814
5826
7299
4187
2684
1052
6586
1271
1479
1019
5295
9628
6730
6997
5404
4168
1721
8974
5333
2678
2847
9902
4541
9459
4388
1224
7128
4279
9847
6546
7145
5023
7529
3908
4945
1593
1409
8208
6200
1737
2157
2425
6557
3801
3848
3907
8957
4278
655
8010
4953
9435
3193
4260
4090
7207
3524
3122
4460
9987
8276
3373
3357
8838
4267
841
7343
7474
7689
7189
3698
9849
1870
2800
2613
5986
6845
3931
1094
7643
9637
3990
8453
9214
3791
6414
9448
8355
251
9701
5052
317
8537
4982
6706
2819
6504
288
9912
2589
4310
4759
2771
7958
5348
6726
7958
9478
5417
2530
8857
1021
6747
6976
