2445
9459
4291
773
1300
4594
6786
6096
5819
4092
3779
7210
9097
891
6078
8777
5684
5609
5989
7044
1319
2201
9503
1349
3869
5787
2228
9899
9551
7835
3296
6346
2001
4300
8967
9752
2158
5687
6652
6664
322
2827
1724
9801
4177
1653
3215
8653
1877
7510
8400
4201
8018
1644
8056
8487
3829
3987
563
7872
6586
4001
9027
4273
8343
177
7517
5579
9376
6428
1707
6279
6476
574
4151
2625
6942
5480
9506
8489
7553
6147
123
1910
2078
3574
9210
4765
6565
3045
7516
2791
4824
2498
9392
8720
2183
3193
432
5287
8598
340
7762
8472
2406
2637
8824
8062
4855
4416
7405
4656
3981
5346
3878
5634
1509
8257
2744
5030
912
5491
181
113
2848
2982
2075
3112
2310
4071
2732
6254
2348
1597
700
4539
123
4888
5250
1403
7694
2714
882
4442
7618
8597
7476
2824
9428
4453
6832
4655
7354
1608
1182
4798
4078
6797
3331
5202
5555
9493
1794
943
1426
9742
3276
4525
9832
649
9837
9118
3429
8085
2628
7423
4200
1318
7421
8591
7750
7068
2288
2959
1418
486
6786
9280
7637
9588
6455
1829
6356
4397
3107
6187
6160
4856
3395
811
6533
6280
9654
8345
154
8931
1544
1654
9221
759
