1208
7954
5917
1819
173
3531
5622
3128
6789
4250
1632
3057
799
5707
3117
2432
5871
1415
540
4760
940
7065
5451
8303
6653
9791
8035
3223
4129
386
9808
6752
5006
822
3200
8610
2920
5121
9698
5818
4187
3195
7978
8822
2842
6981
3858
9707
4457
2837
2814
9600
5272
3546
4211
893
7186
2162
7697
2709
3483
3162
293
2062
9626
394
9929
5976
7516
775
9498
4221
2131
5876
5896
7453
9349
6756
9957
1742
4838
6371
1601
9420
736
1634
5690
2077
4855
5952
2404
2847
2562
1575
5462
4933
7504
6450
9791
5613
6847
7374
3549
133
9637
4478
8834
1324
573
2229
6158
6112
3429
5759
8936
4769
1351
4809
9480
725
