2856
3952
6896
1598
2874
2208
928
6006
6767
5228
7884
3477
861
6722
1812
9640
1298
631
7996
5366
8339
6507
8510
6211
2339
8368
6706
2167
8566
2324
3714
637
2094
7304
569
8939
5101
5783
3153
6085
365
859
4809
8269
1235
1882
7484
1684
9830
9317
9190
2421
5904
237
7907
7558
9062
6036
3083
6238
1374
8896
6275
4116
2608
3461
3360
4328
4231
7518
5153
8677
9008
8162
9705
587
6596
7312
7240
7725
1954
7080
6360
138
3598
6271
3514
6180
659
5640
6121
3734
322
9952
5101
9363
9997
8791
9521
5810
7209
1747
5914
8305
2230
6649
5663
7510
3556
3878
5810
8543
6549
367
5162
4757
9075
8333
3815
7862
4639
3319
4297
198
5882
5745
9657
5683
6146
1652
3603
6977
3168
1877
7968
8253
4053
452
8333
1687
1309
4680
7342
5637
5168
2001
3824
1561
3781
7153
8430
439
1975
4861
8816
737
1408
9353
2664
9780
4426
1542
9720
3660
5486
2030
8117
343
9821
5333
8915
1412
1572
4760
7026
438
9105
7542
8041
227
9369
3807
1879
7955
2189
6738
1201
5989
8511
6851
1130
6931
7974
6595
7689
5006
2067
1198
1080
7124
2402
5329
9728
9826
9234
6262
6903
4559
6138
9318
7185
5067
7226
585
5278
4334
7112
2661
6370
8589
