850
8173
7134
8281
6097
9564
454
501
2865
4522
4842
7858
3225
4768
4664
2794
6392
9709
7135
5638
3347
7573
9515
5256
5305
3885
1403
7389
7207
6471
2608
4049
7647
3961
9048
913
7557
6288
1762
263
9098
8174
2222
2692
5767
8468
1166
5023
272
7625
8909
4074
4022
8068
435
5313
5925
5003
6469
6446
6492
9455
3881
2994
3487
2169
7101
6782
6285
5398
2078
2401
3072
323
6522
9610
233
1524
8705
9122
6743
2255
6198
1990
2242
4128
6202
6146
3947
8182
1827
819
9668
6688
6250
1717
7436
5798
9957
7406
6700
1040
9531
7041
9301
4339
8216
545
1949
2146
5520
6885
2704
6017
3754
6659
3502
4771
5459
6330
1833
2497
934
3761
2512
9023
7980
9175
9782
1666
