8850
5118
301
6536
8080
9186
6552
5175
5226
7049
3550
4874
5147
1975
7057
4541
7256
4527
4798
3778
1206
9458
442
3533
974
5273
225
5527
8148
7449
8607
1127
4573
4208
1016
4915
6606
7530
7955
2811
2665
8035
3384
7900
2346
4455
4578
3927
9419
5992
193
4636
9505
9518
4948
6786
586
9074
7569
4122
4626
4480
3730
2088
8569
7018
9798
6627
6819
4272
7766
7669
8099
9668
4616
326
9933
6290
5666
9489
6782
2401
4774
746
8645
496
9260
5484
9446
5734
8246
2466
7079
9085
2295
3516
6271
1669
9047
7531
