9354
2051
9150
8374
5458
3875
7339
6282
6218
5433
4262
4435
5198
5298
7358
5157
6581
8990
7692
4173
1587
1784
3331
4407
4717
3717
7984
4504
4249
9837
5027
6428
4785
6899
4061
5385
6879
3570
8254
6072
4398
4582
124
1073
2796
3718
9699
2630
8799
4957
937
1976
3088
6439
4741
7011
4901
5939
7031
7259
4189
6036
4578
4781
4146
6702
8009
4083
1878
9894
2584
6966
6154
9607
2245
4307
2600
4633
2102
3028
6827
2966
607
8057
8695
6651
1364
1264
8005
9870
4024
351
3336
7238
6027
3577
5347
4065
4225
8347
7082
9722
6885
1166
2862
9771
339
187
7801
6694
9438
6106
2477
9829
9819
3259
8897
4977
585
7809
6189
9736
710
713
5584
5446
6290
7945
4151
8592
5153
9682
9728
2603
4819
5480
5353
681
9389
6352
1040
574
3833
5549
4037
1597
3998
8081
4222
168
5297
2611
2838
8948
4284
5508
5651
4572
9809
9129
