5839
1616
8435
6962
2544
3764
6187
1340
4327
271
8933
8951
2189
8943
7463
3242
9552
4705
1477
653
2210
1310
9185
8054
3092
1367
2265
366
6683
4551
5216
9261
9270
2072
4171
4224
8687
487
3002
4555
2618
2945
3187
7739
4998
5838
7940
2947
4363
7103
4819
6103
4871
6773
1173
8524
8515
4386
9321
2604
3585
8471
772
1195
319
6686
807
1101
5779
9634
644
5468
8411
6495
6994
8192
4362
4335
770
1182
2403
2271
4786
5712
1898
1668
940
4067
1175
2950
5971
7518
3557
4912
2407
7674
7567
6929
7275
8742
5106
6898
6126
786
3769
9558
7266
8727
5755
422
2024
8547
5083
7311
7999
7883
7514
7923
9689
284
6386
9237
2274
6419
4558
7758
7083
6606
3045
240
9839
4140
3696
6263
1758
614
1082
6160
2826
1782
3421
1170
6490
5047
5104
5580
7796
8740
5847
4008
1439
1701
643
8095
3753
5891
7728
8370
443
6041
