3628
6743
6311
689
1389
1283
8114
8517
2905
2691
4799
9070
8092
2225
3299
4471
7634
4842
6601
9597
9393
2475
5004
9876
622
7048
6377
6524
711
9096
8540
6624
1310
8978
969
8364
8246
9239
9522
1980
875
5305
3154
9060
764
9060
135
4988
3634
1417
5135
9009
1247
2051
9048
7323
4597
8792
7353
5337
9472
750
2166
7680
2057
3912
1968
6657
3724
3985
5918
5407
8090
4612
5964
490
5137
3691
9746
2338
3119
4278
8540
2227
2441
4165
5200
2663
8188
400
6716
3263
1979
6975
636
9956
937
1451
8252
2523
