6458
3443
3052
8786
4770
5238
9616
9930
9359
8053
8281
8131
3997
825
3804
9757
9441
1385
3900
2175
2214
2009
8000
8820
8429
806
5613
8054
6871
3986
7334
2727
3982
2946
1707
4589
5252
8448
1568
1996
4800
1376
5964
1281
6801
8556
1315
2123
6331
9753
2169
3851
7080
1564
1620
6030
9168
3379
5394
7077
2562
4164
8263
8773
5446
6607
4745
6610
3350
6178
5611
1937
3322
6357
5309
1135
9540
7342
5893
7601
3715
4164
3480
2068
1817
5110
9310
6411
5764
5159
6909
2860
6155
2523
9598
3976
415
209
8826
1652
4165
533
7278
6405
2655
3894
8880
7845
1285
6281
870
401
9652
487
6683
3025
849
4028
6601
896
9204
5613
3876
2632
333
1653
5427
908
5457
3929
394
689
3736
9819
8955
262
4819
2302
2894
3242
