1175
6409
9836
7144
6908
6008
6405
2604
4223
6473
7522
9356
1371
657
512
8515
498
7245
8164
757
4863
4350
1713
8022
3232
4959
537
2588
8354
4568
1031
924
6862
4225
5411
8561
467
879
2712
4685
5396
3324
5052
4089
9693
6987
2220
4001
3057
7458
6712
2848
5717
4905
9359
1455
7273
2900
3806
8344
9519
2204
5114
3483
2065
6157
5654
6600
1495
2897
2931
1097
7186
322
7141
880
6591
1907
5405
1954
2105
6402
5366
8901
8526
5467
5480
1190
5916
9923
8065
4999
7985
7176
616
8913
8902
3002
8265
2960
6383
1315
8775
8768
2365
459
5949
581
1529
5192
5043
770
1579
5248
4644
4217
8568
6532
115
1976
262
2964
508
1166
9644
1453
1944
6896
3007
1031
6433
9632
194
8210
1175
3867
4562
5351
7244
5797
4598
4228
2653
311
3944
1625
4290
7338
2390
9191
4789
3374
955
4519
5492
9016
9915
5301
5150
8083
