6855
4238
6138
381
1858
2990
3385
5904
5087
1837
8484
2472
3827
6375
7206
6531
7066
3889
3657
8007
1970
8992
2604
2990
5538
7408
1883
9958
5484
9476
2601
288
4942
3046
4618
4486
7139
3254
500
2901
6028
8769
2082
3643
8270
1600
4806
906
309
8839
3410
8671
1846
1248
5035
4152
9317
6243
438
348
1103
7173
4437
3422
9795
4502
722
547
9069
8718
786
1032
3228
8181
4245
1275
4796
876
3361
1661
9392
7319
2806
3967
9118
6210
6217
5202
1432
3580
5155
4978
7984
9679
1321
859
1486
298
3863
9177
7734
7335
1771
515
3007
4846
1109
3513
378
3189
2272
4900
9310
8730
8438
8463
6291
3855
1287
1967
