3288
3553
4669
6238
1250
6461
2996
7570
960
1713
9087
6210
1044
9722
3301
9577
4392
6871
190
4007
3567
7898
9576
9754
6976
1825
921
338
7683
1942
5658
1149
973
6830
1254
2529
2485
3584
4036
5018
906
8202
9081
5833
6259
9843
8867
7202
5358
5559
9948
7677
9743
7002
5314
9369
4884
6399
4343
2828
5203
9672
7594
8472
3909
2342
451
424
2410
8617
7668
1612
8696
9645
1679
463
6623
4689
8169
6126
8030
538
4249
6868
2553
1924
3400
1347
2024
8983
1187
5082
2197
5578
265
1209
9084
6405
5269
5768
4532
9895
3566
7009
9075
1175
1315
1428
3365
2844
9933
9324
9247
6074
1662
9338
4632
9382
6009
2811
6837
388
2030
7873
8594
8489
5521
3550
1555
6758
1062
3983
7349
6240
3486
9207
6353
4635
4145
6870
1723
9100
7807
6741
6723
6178
3975
988
7554
6654
5284
9421
4412
1875
6584
1417
1348
5419
4222
7475
