8107
6245
1700
9552
6382
5970
3740
5153
3312
9539
5237
710
1481
3045
2713
8344
5895
9122
8494
6577
3268
1749
6566
5026
3022
3098
9493
6395
1674
2041
1498
4887
1527
990
2417
9199
9770
642
6921
3308
2515
9857
3332
1439
2976
7699
9995
8449
2391
3963
339
6714
6542
3352
4184
1029
1884
9895
5225
9547
338
2135
3451
8328
832
3588
5473
649
9076
7063
924
8802
126
5806
4415
3816
2193
7661
4052
1611
2531
4780
6797
6447
4124
4629
8566
2255
1126
684
4525
4077
7020
3404
4813
8718
2989
3003
6589
9337
677
4220
7457
8351
4303
5890
6989
9709
613
404
123
1781
5611
4488
9749
5061
6933
4844
3952
542
