9816
1402
7460
5654
4403
5761
9525
5746
6434
8783
3610
4202
7896
4696
2699
6527
2720
1486
8486
1778
7673
8342
6366
4990
3838
8121
3825
8556
6954
7625
432
8907
2370
5224
181
7369
1653
2200
9047
3218
7819
3751
7415
3171
1799
5476
134
810
2641
5116
5522
6325
6665
8945
7514
2978
937
2630
5746
8673
5881
4563
7175
6511
7076
4740
7064
3742
9140
5123
1752
125
5564
1951
3687
9816
7605
8616
2275
851
9815
3667
2325
7106
4816
2707
7740
931
7544
6216
924
9006
9066
8553
4636
6930
8819
4950
9850
1920
6511
2346
1310
9191
6675
3591
3260
6251
5975
3885
8654
2265
4926
1285
5485
9852
3009
2619
6938
9987
1833
3477
247
6488
7058
8567
4265
2779
5675
9604
5924
5067
7080
2842
9478
4491
1476
605
4019
4950
9039
5306
3897
4645
742
9103
1965
3108
551
1318
3888
2359
7718
3610
6677
4501
3765
9916
7950
5853
