8282
2350
3991
1106
8202
6885
3611
8471
4572
5842
2202
3783
2373
8653
5864
9869
6979
2728
7555
1068
4460
9242
9043
6523
8289
2642
471
5850
5012
3478
7463
2395
2337
9628
7116
6124
154
8935
6991
1336
4322
9746
8431
7801
4112
2846
4682
9445
5133
8972
2380
2292
4286
4684
9472
2165
6841
6459
6745
3314
1971
9584
9130
2810
1787
3803
9427
6293
1132
6937
6199
3991
6008
349
4614
2993
7044
3561
7714
6796
6760
7187
7485
4557
8612
6418
2625
7059
8901
5179
2348
9540
9511
5821
2026
7863
3367
9567
6123
326
4573
2652
2185
6071
5520
5306
6822
8263
2380
276
430
5406
7209
8951
8105
4293
288
1223
5916
2274
3642
6718
5097
1594
4753
3690
9138
9125
9333
2577
7121
1308
2235
321
2262
1494
3944
7716
8792
4334
9268
3687
3948
4091
3238
1987
1604
1556
5853
1220
2655
1720
9664
1058
1334
4906
5135
4050
3905
1379
8241
7053
2514
8739
4946
4313
8109
1379
4205
5863
4555
3989
488
5426
3542
6444
8508
3428
1223
6863
5681
1076
9467
6705
9525
9262
4020
2575
5381
3666
1859
3852
8486
3869
6995
4287
1242
1749
4917
6152
2963
5663
7682
6296
2303
6464
2087
1623
6286
5732
6953
9686
3269
6050
9318
6222
9466
3001
1028
2866
