2674
5628
2107
3527
5799
4436
1306
5607
2128
6093
2961
3824
7040
5525
4680
2131
8106
9829
6537
7679
613
4737
9476
1577
2998
9083
1203
2623
6610
7441
3412
4012
6238
4534
6410
1530
4183
4481
8779
6207
1611
8190
5342
1467
1125
2477
8785
3243
5400
4521
6016
1688
9270
7746
948
532
3183
4440
9559
1431
5850
1926
6026
1921
3705
3052
3390
1030
1561
3469
2514
6118
2199
9242
6667
4172
9057
5662
8432
6799
5518
6947
1322
6416
2705
108
4764
1071
2420
4397
6515
1031
9982
6101
3195
8956
4745
4538
3737
8852
4949
870
2628
2230
267
2276
4185
2872
2556
6337
139
1796
6927
1335
9780
7669
3468
8200
4962
7386
2421
2860
9736
7714
4598
5419
1024
7035
162
5276
2989
4025
9120
6360
7350
9172
8046
9324
7091
2242
1445
118
6686
5578
1923
2124
2365
876
6355
8041
2678
8970
9029
6039
148
9051
7539
6528
5578
2373
2522
9108
2409
9048
3000
7210
890
8517
4103
729
