4419
4980
1213
4826
7395
3573
6215
1579
8914
5611
6773
5980
1680
4150
7853
9730
8525
4495
6710
4872
4621
577
339
6781
6057
9512
630
6353
5832
3780
2211
6643
6608
7036
3762
8509
7635
1823
8478
2364
3295
4857
1797
7067
6132
5768
632
1020
9295
7869
1186
8088
2164
4685
3740
8364
6855
2804
5051
6517
2381
4084
9749
492
9129
3285
8287
755
5338
3826
5192
6120
6214
7223
1730
4246
9178
7376
1435
6030
3864
8792
8615
6016
5102
2879
8949
8449
5346
8756
8579
5323
3448
6457
5457
2747
9144
1036
9107
1702
637
4768
5758
8533
144
5245
3046
4736
9684
8447
2175
246
960
6861
7621
4642
3909
712
2224
6094
2992
5137
7414
9065
8333
3713
7391
6609
8044
7526
5585
9887
2990
7534
4719
9213
6177
3763
5346
2703
4046
4641
4908
3052
887
9905
6749
6756
6246
3543
6252
1480
6391
5871
878
6181
8675
6291
7137
6931
2980
4515
9470
2627
6210
2905
2927
6401
9568
8255
6016
7117
7867
5564
5968
8043
6617
4487
4080
6381
