3536
6040
7425
886
7890
5863
7808
3846
3327
9701
8733
5671
9106
9749
9950
9478
2006
1796
4845
8571
9813
1091
8470
5255
456
6650
5398
5232
5784
9900
8439
6276
2618
7215
1821
6018
9412
3577
4506
6173
4888
9423
6823
8106
5127
168
3284
5896
4384
1115
656
732
7418
3487
4268
3378
8769
8989
9852
4239
9730
330
6833
6851
7531
8403
1927
6257
2323
2427
3103
8677
696
5631
4588
3013
8899
6553
3378
9754
6165
703
8360
4433
6556
8324
7358
1095
7604
2017
