7635
8603
8611
7581
420
3664
2059
9170
9590
2190
5328
9359
9400
742
4966
3988
2621
1408
4655
8791
7930
5992
8275
2886
7477
867
3038
6916
5220
938
9807
4943
650
9172
3885
4437
7839
2332
9833
3072
544
2529
8263
9890
6952
9525
2014
7152
7540
1058
4230
9140
4924
8705
7691
8997
8600
8883
5286
406
6081
8937
4686
6135
5693
645
4495
4783
1735
316
906
7454
1270
4329
4164
8456
6612
9234
2543
2404
2442
8761
801
1063
125
9949
5118
5671
7953
7223
9891
592
1870
786
418
8938
8774
379
7471
9220
3526
7752
5589
9466
9911
5234
5541
6619
4717
231
3664
1376
2662
7992
2159
625
3605
6214
7419
5502
3667
4430
3056
6643
5546
5644
5657
5722
6912
9843
8325
5603
4305
3121
660
7641
3919
9889
9656
3471
1601
3004
1783
3134
9954
5529
5316
7351
9017
5876
1389
4150
9808
2680
8658
4592
960
6360
7701
7401
9092
7421
2341
9010
5010
5545
5258
6379
6440
2679
9342
8178
6358
5919
7452
2500
8371
8738
8905
2375
2733
8344
321
922
8666
3900
1364
2410
3341
6484
3589
3876
4536
2019
3420
6160
2417
7830
6662
8762
8682
9621
4841
9441
2651
7408
5517
6210
2802
7691
