5682
3200
4581
7011
8593
1058
7578
2358
8792
4524
6575
9272
2207
7692
1883
6828
8976
3246
7524
4213
8406
3083
5929
2982
3904
6669
8712
5681
6299
3045
5401
3905
5559
6620
7434
5799
6624
4309
6397
110
9861
2325
1075
363
3996
9554
1333
6159
2017
3195
9590
6022
5063
3358
8809
8227
906
1730
7511
663
1411
4006
5253
6139
2518
4508
4725
2529
2308
7128
4957
1340
952
1281
7253
5921
7182
8012
5588
417
2402
3595
9571
7200
6502
4195
2903
2585
6072
1047
6799
9657
5619
7854
7194
8047
6090
9601
4607
2981
8359
9314
6020
1797
5600
8404
744
5192
6113
6863
6100
2642
6103
4305
5656
8893
4172
472
6359
6510
9091
4734
6802
5099
7322
3663
3278
1403
5253
1902
2343
5945
6101
6840
6254
9149
5538
8957
4040
6059
2392
9687
160
1137
1744
2492
4685
9944
1048
6954
6906
8254
754
6730
4289
2346
376
9278
7634
4507
8740
8126
6833
2316
7279
8123
8628
3680
7822
8587
7515
7762
7631
4389
1937
8074
6006
3639
5065
450
4750
2235
726
7609
8100
2928
2415
2477
8153
7701
4300
3894
366
8844
1812
9809
9197
4413
3648
8377
