2043
9687
1251
7521
6769
3832
2819
5011
5976
8489
8095
6956
7152
1755
4898
4752
1642
1142
182
2224
7752
8205
4128
1235
1448
4850
3461
5906
2369
5749
6425
3731
9899
4460
1183
4024
4474
8951
7164
6185
2997
7706
210
5143
8972
3168
7758
6680
3519
9962
9846
2567
1838
9702
8953
8895
4013
7870
7923
2366
9958
4845
9231
1362
6487
8486
6409
1382
9306
1881
3161
6472
5425
7795
8026
9733
9415
1339
5670
3111
2515
249
3446
5822
6131
9671
7898
7786
6879
9180
8069
2126
5673
9519
2399
2996
5844
4279
4753
5486
3776
8732
9166
9242
7960
1794
5928
6976
7563
8844
4954
7450
7322
8349
3897
3697
5051
9364
6454
2167
9063
2143
860
8931
6372
9358
1933
4656
6642
9410
7783
8725
8650
842
8137
8825
4117
3845
3507
5400
5773
7305
3331
5508
6752
5728
8499
3391
7265
3135
