7590
8301
8189
8348
926
5499
387
8371
5497
1424
8671
6311
1315
4238
5981
5141
9812
2402
3319
3645
777
6779
174
8470
2688
3174
1297
5365
5530
250
893
8757
5512
7274
6525
7739
2828
6055
1415
8161
2152
5007
8954
8850
3541
4794
3510
340
5177
6094
8579
3453
3375
9570
591
2324
5946
7553
8987
2793
9539
788
4853
842
1394
3424
567
7147
6276
5345
6206
9279
7224
2394
907
8164
6381
2677
5483
3471
2141
6475
6782
3751
3932
3280
8586
6507
256
3446
5063
920
983
6085
9614
2431
8840
6917
4275
3845
9777
1044
5702
6444
1556
2940
8388
9555
7448
820
5977
6408
2330
1405
7572
6294
9323
6795
8539
5141
8846
3766
1375
1339
3075
6881
3483
699
5141
6134
