3697
8895
2994
5111
6164
6417
4588
6147
2244
6780
9954
761
9738
2630
2648
1029
1679
1287
8330
3688
9126
3903
1481
8476
4538
1620
8353
5721
8093
7486
1016
9069
1911
5749
5887
3972
1997
9366
7716
8076
8083
1300
1249
1787
6947
5638
4051
9782
6036
5031
2375
6151
9980
2756
1897
1098
882
8661
1506
4550
6004
7010
7960
6089
1316
6224
1275
423
4309
3014
7060
3045
7717
7669
4264
8126
6011
4285
5053
1089
2376
4177
3713
9945
1298
4253
968
1640
5843
6975
9862
4637
5929
919
284
7400
106
1416
2333
8410
1027
5541
8045
4553
7695
3058
1213
5299
4073
2294
6451
8754
6186
8101
9760
2902
9687
3858
8837
3982
4641
6164
846
2050
5945
7381
113
1309
1654
5071
7283
9583
6201
1449
2870
9288
5480
2073
1999
6956
