5251
3542
1679
9958
5857
6701
4591
5860
6177
7616
1879
5225
5394
557
429
8669
7086
9815
8740
2660
8090
9037
5568
755
1675
1157
8407
357
4403
6833
8194
9698
4312
6035
8340
8426
2829
3194
2179
9873
8883
6978
9348
754
3263
8914
8598
1368
7520
4194
5417
9477
7354
8642
7784
2681
6910
1882
4130
2348
2319
5016
6820
5586
1098
1187
5842
2716
4711
432
6761
8424
350
3064
1190
4373
1677
1073
2241
6091
9273
917
5083
9987
2416
4737
2876
1003
4711
4372
5649
3897
2552
4255
9571
1772
4387
5760
4546
4257
6418
637
1505
1089
7075
9125
5786
1044
514
9867
9010
9423
3398
5356
8248
5730
7639
5542
5006
5619
4172
5990
1453
1240
2832
5583
7750
2018
8439
6904
1643
3560
9713
4583
7910
7362
4925
5705
8556
6163
9118
9020
9735
6626
8391
1200
1719
6798
2952
6846
5706
8680
9552
9942
9032
1700
2436
9950
9920
2784
7369
1584
7120
5276
2554
218
279
5175
4505
3928
6053
8070
6271
5659
1565
4437
7871
5582
9127
3346
3997
4533
5791
6944
3830
6523
7441
4028
6191
7091
1077
3355
1705
3820
4732
4623
664
9682
4953
8915
3027
1758
3244
669
1748
5388
741
8879
4602
7184
9909
1421
2368
9161
927
3811
6812
7405
2693
543
1919
270
626
3399
9389
5493
9447
2525
2182
9434
907
9614
1311
3075
8880
2435
1991
250
3531
3097
598
2049
7068
1532
2940
9515
4676
7512
3947
182
8334
1551
7645
9789
9760
9855
7239
2910
2282
7566
