3392
1686
3129
6603
4675
7554
3228
6550
9817
8752
6395
6203
6197
7103
889
8929
6356
7926
1750
4634
2683
748
2702
4873
4175
4468
8530
9508
1905
2630
2057
4205
8092
4443
9294
7870
9888
1799
8251
1618
2715
1876
3633
9114
615
7047
3406
939
2652
260
1277
7389
8677
6512
1871
4622
5484
469
4702
3016
8699
1814
321
4079
3465
367
9990
2667
2404
6146
497
6086
1470
4089
4224
299
9869
5227
8652
381
1963
5720
2149
7972
4398
9571
7768
9036
6937
5464
1812
6465
6018
1412
6671
3778
993
3425
2231
9903
