5044
5901
8205
7561
3835
2498
4713
1549
3374
2797
586
6528
6172
1851
8642
9003
5852
4701
8222
7886
4455
7483
8614
6659
3028
5344
3100
3857
3193
4310
5733
9990
3530
1317
6150
9584
3126
2240
1442
8318
1580
3784
6368
7290
9942
9463
6805
4523
2244
8196
7137
6838
8692
5172
6253
9129
9523
5179
3878
8289
9219
4244
8362
8355
9318
7464
114
8868
1748
8343
331
3556
4906
9695
4151
6791
1023
7636
4435
240
3248
2826
509
8414
2439
5290
570
6536
4407
9598
6104
4700
1300
1190
1638
2133
8008
4194
2229
9729
4599
1979
8108
7734
3592
1759
3192
3403
7301
6444
6011
2542
4265
6171
4795
7182
8603
7955
4094
9797
1614
7847
2942
1868
2597
997
6083
7482
4399
4774
3104
4178
5213
5857
1523
5747
2121
3094
4138
6028
