6162
4127
5729
8484
390
9575
1841
9365
1575
1864
9098
7542
358
5221
4235
4632
9774
5734
5486
4186
7568
9067
7797
5611
7176
119
6974
8862
5183
8700
7033
1261
9824
1230
5504
179
1419
3979
7446
7769
4068
142
3748
5391
1939
1720
3545
270
6713
2685
1867
9207
1860
3578
8096
6256
741
1178
7651
2886
6855
8092
6052
3812
9114
5702
7915
8816
8083
9518
7333
2609
3229
3849
5402
5128
8421
9029
4421
3738
1496
8080
5047
7721
3222
2180
5709
5877
5326
4917
3886
5863
8771
9986
2881
429
522
3934
5230
8372
9310
2097
3433
3208
2681
3943
1906
3887
9385
7907
9185
108
4066
1740
3046
6508
6555
8249
5929
1926
8361
1448
2230
9314
9232
2685
3507
7349
1076
3152
6402
5353
6207
3974
5277
3454
7551
1864
3000
1420
5487
9584
3924
9033
1281
9168
5063
5085
6824
8972
4776
2619
1724
5599
264
1935
7284
8566
8423
593
1748
1535
1736
5388
3584
8224
9552
7884
8186
818
5507
5119
1364
5177
1227
3152
5930
4605
727
1960
6639
2429
1892
4685
9566
9217
9885
6709
2654
6807
8940
144
4970
2523
8078
623
1983
2471
1559
1280
