3641
1009
6320
3118
4738
1652
4063
8683
5657
9405
804
4080
8324
4880
2084
4360
513
4698
1860
9496
1242
2783
7217
6659
1064
7459
3449
9686
2284
8896
1586
5713
2760
4791
6146
8611
7753
2972
8677
7591
2261
8122
5975
7565
4742
9048
1882
636
9538
5810
4215
6862
8925
2365
2196
9584
6435
899
5879
9454
1042
4070
3230
378
7806
382
6793
4536
6939
8396
710
9794
8253
9581
3039
4541
9237
2916
3648
4699
1642
4516
410
5656
7732
7139
6553
3160
9258
4063
8870
3704
4855
7857
8724
829
5560
6094
3309
1728
9565
1663
7310
9009
376
8078
1912
3422
6593
907
7309
2670
9303
2910
673
7295
7275
3013
3824
3801
4740
3153
6623
9810
1413
9863
3865
1917
7750
9452
4652
8811
2933
1289
4581
7164
2801
1448
1982
6274
7798
2819
1382
5928
253
2630
8464
7877
3232
5042
