3568
147
9285
8359
906
9735
1506
3300
1172
3926
6895
5188
3103
7531
5759
2052
4887
9392
1006
7128
2687
6349
5417
7139
3610
5459
5754
9654
3743
7025
9028
3008
1232
4037
9679
6649
196
9011
896
10000
7815
4995
639
4131
2504
874
7072
5692
1232
5210
6992
7535
1799
8691
2208
4171
8849
2260
6431
8029
9499
2461
6885
8643
8627
3129
9406
953
8329
5271
9309
2798
7055
2542
4300
5736
6730
1012
5207
9888
6400
3855
6155
3502
7912
5469
6495
1006
7427
400
9536
8199
3042
8621
404
7922
8259
7120
8552
5778
6105
2301
1708
8177
5412
217
2045
2756
2184
7337
4227
3756
5352
4357
5721
1483
8027
6644
5939
6209
5328
4675
4719
3778
7131
8116
9555
7849
2114
1216
9340
946
9626
9755
9493
4255
6016
4351
3538
6245
8861
8696
9963
4696
2405
1876
1577
5485
2801
7245
7375
1427
3767
6821
189
4089
8732
1437
7227
7720
