8481
4921
2617
1120
5880
6217
8653
5702
6362
3962
259
5180
9417
6882
8812
767
569
7259
698
6128
3590
1765
1906
9557
6924
9737
6841
7139
2153
6161
6854
321
4155
7243
9281
9094
8711
1669
7186
5730
4230
3773
6544
6329
4125
998
3841
432
4839
9369
3004
4988
6520
2446
4417
9147
1502
8946
5875
6502
584
4989
557
8278
138
5083
2907
2896
1981
9761
6770
955
8876
6720
1941
6808
9655
520
4949
9912
497
5003
936
967
9650
8649
6626
8721
929
7844
3842
3998
3719
1629
4734
1016
6709
8550
5792
5135
3688
9784
753
1277
9993
6846
4520
5544
4779
4529
4378
101
6973
2382
5071
2224
622
3833
2846
847
9370
4371
1972
1197
3564
2641
1816
2435
7474
2522
9678
9149
4599
3248
9917
3259
8083
2693
604
5814
4371
6071
5970
9117
2998
2232
8914
2675
1574
8216
2493
5461
3329
7895
5265
4448
5949
8438
5048
3966
