2605
2454
1969
3883
3163
7505
6928
503
3495
7383
4765
2932
3672
2963
5147
9313
3629
5123
1294
8877
6115
7824
9163
7721
1547
7891
9912
8221
2741
4328
6092
3819
1201
7189
3366
5938
1844
3380
4860
4825
8616
1378
6356
7533
2855
5817
1996
6744
3763
3475
3182
3782
9609
3403
4593
5279
2421
8622
9461
9871
8455
1037
5062
2340
1452
8395
4244
839
562
8251
8813
2287
3983
8280
4851
5967
5978
922
8035
6953
4458
5321
8224
4707
4369
7733
274
8993
4758
7636
4228
6837
8937
732
3748
3372
4443
1837
1574
1258
7130
2185
6520
7748
8486
9284
7163
5979
8656
2924
908
4064
3204
658
1654
5494
3744
6311
3154
1481
8219
3432
2677
6180
1244
9478
3873
5518
6487
6283
2206
7451
3700
779
3715
2129
9177
1938
8984
4234
6941
1880
4696
7417
9734
1717
181
8026
7651
6613
3247
6543
9868
8615
9808
1069
8677
693
8066
8153
790
5068
234
3671
8540
7386
8877
4310
5227
9899
1265
6358
3766
1862
8673
3334
6669
2564
3537
7629
