4355
2423
9442
2613
1122
9605
6331
6519
8720
8936
4314
4588
6268
9578
1271
192
3854
997
426
3077
2185
9652
8106
8705
963
305
3055
1643
5180
8955
5817
2604
1007
6289
2637
1037
3155
8476
2700
4366
6092
4348
4145
3494
7946
2816
5154
4771
3763
9984
6785
415
7367
3052
8587
1909
2769
3683
4484
772
7658
1009
2409
1983
9275
5014
8745
6030
2165
7369
8420
493
2275
683
1627
4207
4474
6652
6728
8374
6253
8566
1521
7995
8373
9962
6206
1732
2396
4653
4248
8612
9458
8897
164
1671
2716
2636
9628
161
5756
2060
917
4300
5913
6074
2479
9932
6215
3985
844
5104
7063
8929
1819
5268
8673
9613
667
2343
7031
8518
2065
6473
9556
2303
9530
1845
1271
9527
7432
8534
7931
6044
897
286
9159
1993
2606
9600
5944
2541
6348
9935
8749
1170
4142
9640
6566
814
6699
645
2501
8297
9485
4058
2767
5678
6978
2900
