4196
7621
4189
1605
7487
5743
9904
1736
1081
6462
8545
4967
2378
5669
8790
7314
3589
8936
1602
7446
5916
4568
8857
9886
3072
7175
2611
5380
2989
5919
5823
3009
2309
5229
5580
5604
9074
7218
7141
7941
2627
2073
8762
7292
5883
4306
5492
1620
2533
8455
5689
9916
7140
478
4180
8574
865
8089
3027
4070
4016
9488
6923
7844
4796
4996
9306
8703
6617
5325
2771
4055
5607
4444
5039
9627
5250
3942
5593
2840
2580
3867
3713
1004
7053
468
1735
9801
2303
2898
9975
6839
2197
6346
739
2192
8627
8442
9895
3416
6086
953
6021
9730
4227
1928
2705
3631
8536
5223
1884
7781
9775
8059
6637
5001
1913
6051
6829
7039
176
4256
1039
5541
404
8598
2108
3848
6291
9519
5427
2960
5257
703
6950
7016
3201
3405
8336
224
8737
4853
3231
5400
6452
7804
8240
4716
271
1731
