2475
7982
4538
5434
5527
1622
8227
8852
4756
2340
6016
5577
6428
7348
8728
4964
1083
2348
4691
1675
6742
9158
9678
8366
9138
7752
2389
8558
3011
1938
2080
4721
8979
358
6982
2149
2913
2635
2810
1603
5093
8012
7550
358
9131
4615
7912
7709
9828
9204
1357
7827
2220
8460
8219
1061
8491
6907
4660
6827
6849
9161
9993
7563
3800
7126
6895
7745
6456
6366
5344
1131
7950
5698
4134
119
7343
1378
9386
8228
6024
2441
4387
6709
1913
8085
7370
3599
3905
6038
7785
2229
3990
4618
8569
7485
1601
4948
8303
904
8087
4327
606
9910
1896
8307
2797
3680
8465
2400
4633
8788
772
1453
5448
8745
5181
2232
8005
8488
9505
3485
2767
380
9877
8388
4316
7270
1471
5883
8531
9823
3578
4918
2534
4401
5298
5010
3515
8730
6978
358
5666
3138
2310
6625
6968
7386
6774
705
8497
5064
9386
809
4919
5283
5184
964
5866
7249
153
4701
8265
678
8634
1308
7616
626
321
6308
3929
842
8989
1638
6934
8059
6412
5331
5316
1133
9532
7685
5564
2574
2126
6127
7207
1883
2461
5611
1859
1346
7439
2408
9332
2445
5866
4880
2906
3836
