8156
7776
2790
8093
4012
6933
1684
4158
4455
7230
1821
9487
5503
9947
552
3520
6060
7724
7548
6100
9724
493
8117
4245
6340
6691
9938
821
3232
1193
1580
9841
9402
447
5341
5403
1495
2075
2158
403
9226
6913
5449
2445
3930
1503
3001
1760
3574
9783
9004
9662
2947
5308
6214
7895
8485
3134
890
2468
7535
3912
1408
3495
7382
8482
2447
9062
4375
4591
572
4719
9669
5683
6801
288
6987
5517
3163
2156
2519
8966
3587
7069
3091
3707
4632
8343
2925
9696
