3524
8059
5189
1703
9008
5219
9496
6824
402
2028
4798
2352
8009
4032
476
1986
7407
1417
9960
4032
3888
1850
6679
2974
1774
6626
2547
8997
5622
4009
1336
4688
3446
1280
2253
7432
7879
524
2250
8862
6838
7088
6711
4596
349
2104
1929
9174
9611
6727
3289
4280
3903
3735
7091
7305
3151
5171
6525
278
260
6691
3636
8519
475
4200
6657
721
5327
1128
5305
7489
3119
8400
3148
7434
2732
7852
2463
8400
7430
7153
4443
7142
7567
2230
6931
5783
8458
840
6142
3038
7210
7331
6428
2371
7825
3882
4408
2718
