2047
6819
3345
5308
2602
2815
8311
7598
1278
9597
8995
6275
2148
3747
3507
8628
690
2091
5961
4234
1023
3375
1039
6239
6937
9221
9528
2280
1654
7506
8465
9457
7450
461
1298
7830
8090
6725
5145
4612
6044
1173
7844
7379
9948
869
5829
1871
8167
3269
1402
2187
3367
3747
3710
2256
2192
2980
3433
1832
2105
2842
7226
1215
7619
132
8449
9820
5167
1577
8088
8644
670
2205
936
7160
164
5455
6494
7018
4955
9597
9917
8627
4296
2996
4008
1950
5888
5392
