5604
5301
418
4513
2416
1888
6241
687
5614
746
7013
3355
6389
1593
7064
1224
4375
1605
5388
4419
9934
3572
9979
4474
7601
5122
8234
6600
6279
7129
354
7344
5661
6405
6663
7362
6782
3564
3603
1396
6314
759
4265
6218
438
6573
1041
9929
6171
5894
7390
134
5529
3345
8451
9686
866
9477
1763
6388
7651
1243
3451
559
9614
3418
7345
7172
8119
6322
7512
1234
8839
5898
9472
8285
6027
8791
3535
9960
9092
6073
3091
5731
5589
7715
7803
9031
9453
7096
9027
7809
4409
8689
6461
4832
726
9929
7540
9035
7053
7076
6344
2633
1774
8727
9004
7230
5471
6200
5067
5609
9542
9052
4037
7763
2843
2858
7154
9181
