8225
880
2254
5111
9618
8419
8971
717
8592
7381
4109
9532
1339
3551
9905
5447
9681
8232
3216
7790
5129
6321
3309
7726
8881
8579
7059
9471
5555
6267
4820
1602
7020
6563
9999
1803
3471
5057
4366
7100
184
8449
9988
9907
5751
7649
6648
587
6036
2502
2340
2720
8769
1013
1353
9254
6815
890
2315
1248
1639
2937
1925
8601
2117
9894
6662
572
1985
1297
1257
5473
1338
5415
576
7168
2746
7547
7842
4372
9435
9687
4254
3279
8849
6370
8420
861
2708
2150
5222
7943
3397
1061
8703
7503
3499
1137
5130
2552
4771
4894
9517
7442
5234
7777
226
5658
8280
6550
8912
7285
2051
1257
1489
9413
161
9859
4776
8370
9932
561
825
3830
5182
2950
3620
9834
6795
9671
6366
9866
9460
7366
8821
3879
3970
5312
3148
3141
6033
9820
2268
1588
3219
8740
9688
550
7367
124
