4630
3284
819
1899
4227
4455
6242
5908
5849
5256
4113
2937
8725
8866
3251
6178
4907
4687
4022
2541
8742
310
3178
4998
5933
1999
6192
9399
6510
5737
5838
8832
2772
5729
1313
5017
8092
6851
2601
1154
6667
848
7818
4839
8633
1740
5898
1830
9853
8045
1477
4367
9199
6530
9029
7521
1741
8140
1082
4807
8464
7289
3435
8412
8950
7855
822
9506
6238
9278
5993
3328
320
5552
1599
2750
8904
6367
3226
5144
8533
2587
2291
9926
8710
2447
5825
7475
521
9064
7846
5828
246
9414
8315
1776
4533
6892
1760
1559
7280
729
5833
3520
3078
7216
1906
551
2850
3157
4844
9960
9160
3567
6681
4744
5721
8362
6217
8630
5568
665
1815
6001
8771
9642
8077
1041
6463
1325
9981
1735
320
8185
3959
2386
7142
608
2537
8652
7697
4878
8924
2353
1318
1178
2337
7066
248
6229
7373
4407
7954
945
2662
6301
5758
372
6708
157
3992
3658
2575
2567
5046
1490
7902
1904
3060
2498
8551
1385
8454
2691
6704
9429
2529
363
1679
8372
9540
2090
5520
932
2420
506
7137
4756
8227
9402
2186
464
3041
384
6270
3306
305
7703
9936
3434
