8662
3584
8015
1052
8108
7471
3237
4408
1513
2108
8928
3016
7206
1483
8169
7923
3960
4943
2251
7974
7835
4708
9569
7556
1684
4279
9683
7540
281
2517
519
6696
3045
700
3780
7790
5416
4606
7341
6020
2986
2197
4581
3290
9289
4840
3783
542
3357
9383
3901
3091
2441
4898
4802
9489
2459
1271
2906
7663
147
9974
2912
9890
880
1673
1033
5673
5987
3048
945
8446
5677
8125
9018
2352
8770
720
4824
8385
5189
6305
4232
8876
7920
9847
1780
5568
5845
618
2603
5869
1855
8298
8616
3230
113
7238
8862
7552
8929
8947
6463
1676
139
1248
4142
8491
5067
3301
