5834
4383
9331
5609
899
7787
9799
8864
4297
3103
2297
3949
1612
4777
2881
6836
4158
1208
3687
5394
6035
4292
2177
1218
8931
7496
8518
924
9570
6092
4218
8431
7052
9041
4870
2578
2219
9632
4808
728
1093
8636
7574
575
375
3821
8019
2601
1369
5280
2670
8600
5073
9733
325
8719
201
6906
3737
1532
6348
473
7138
3144
6738
6583
734
7185
2023
5836
9720
1240
6026
997
9036
4505
8833
7378
5450
7728
8930
7275
4485
1458
5234
5771
2968
8753
6718
4513
4626
3241
6326
4538
8634
6874
9228
255
8705
8616
5374
5771
350
3371
3089
1449
4664
6368
4219
631
6142
3271
2861
6720
2126
274
3964
7846
5829
6722
4199
102
395
5212
9403
8939
3170
4855
7259
3752
9338
6298
6031
3082
1992
6904
8513
9061
5131
3307
1029
2128
4752
8726
2393
4241
2781
7860
1153
3145
8691
7177
3534
8731
2550
2769
3466
3600
3927
8511
7827
1064
9626
9243
7909
838
8359
6332
1444
8426
