9724
6741
1353
6137
8331
7990
504
6702
4595
8173
1994
3474
4978
1471
8958
4271
2212
2665
6690
9268
1996
7439
4846
577
4197
816
2237
3144
8033
9557
3171
9336
8485
2950
5264
838
5030
9382
4802
6687
8117
3269
7779
2784
2430
3230
698
173
8723
4668
6984
1341
3484
7683
8846
762
4493
6205
1157
6874
3595
4300
6108
1655
1062
6641
9421
5837
8232
9786
3576
6108
8564
663
8511
5265
1263
1282
1179
5881
3413
3659
4564
4031
5567
731
1012
5656
2309
7350
284
980
2649
5439
6323
8886
6846
3913
9807
6157
1528
3232
5606
7993
8948
5991
4023
2338
3074
543
1680
4822
9602
5071
701
1702
169
7452
2927
1697
6476
227
403
5788
4526
5732
5455
232
2745
1045
