8230
1613
3449
1069
3694
5404
5280
5868
1695
841
6091
9872
653
9100
6988
1110
5895
7651
7355
5250
6993
9396
5415
9328
6931
5212
184
5555
5432
4581
7949
7974
6333
4858
7798
4348
2985
5974
3825
7524
4052
8544
564
7217
1233
5695
8667
2912
7810
5334
2754
7420
5189
8996
5964
5376
4215
6066
2099
9592
3522
4491
4829
2048
2106
8958
9776
7862
1630
3828
7594
5261
9422
7299
5593
1249
4023
7428
7395
563
4903
9102
2668
919
6520
729
6669
877
1583
2750
