7952
3384
2974
2010
3471
9621
575
1645
8782
8560
6919
8103
8258
9251
5375
8614
1048
1073
6593
8305
2537
7414
7146
2884
9035
4390
5737
1219
5899
6673
5612
591
6216
6651
9232
1667
2654
1086
6756
575
8235
3011
900
8054
3799
4927
6796
2067
7165
4345
6585
8827
2101
1081
5768
1813
3485
2337
5490
5918
8754
7098
4405
4281
2437
2948
2104
2675
2969
7130
9294
2092
5566
8234
4235
3599
1727
9787
4417
2665
9382
1496
4289
9538
4524
6075
6376
3429
4527
4811
3103
5620
9202
8989
7277
8004
7443
4961
1042
3366
5132
7742
1103
6775
3231
4391
646
6339
6542
8182
8282
4144
1975
4294
7548
2854
2938
7328
6192
2910
5123
7054
2723
8933
2280
4830
4534
9281
4118
2909
2963
3863
6009
7565
3883
6425
9516
1498
687
5584
3386
8868
6671
6378
577
6850
3025
525
4376
9927
5890
3067
8809
2772
6893
5604
9738
4167
9420
362
3085
1922
5419
6760
4352
5839
7517
4341
1062
425
1760
4855
2406
405
3497
654
2869
6525
5824
3361
105
4628
3211
5117
2249
5728
7140
4106
6143
6686
8895
3077
7409
3114
502
1578
2189
8326
7777
9121
8374
4720
6595
1034
8352
6151
4493
6364
2848
4593
6740
1923
3386
2855
9013
3059
9376
5978
2575
3565
