3636
4081
8519
9687
3409
3639
5531
9889
2137
5709
295
4295
2265
4819
3619
6497
3579
2205
2023
7284
7051
8340
687
5527
9055
864
6426
8602
6736
4767
7482
8097
1514
7533
5786
3731
7572
3038
8501
7159
9471
2460
5918
7427
1237
6817
311
7377
7674
5843
5329
6121
2830
9746
4379
1468
2178
7247
3678
3385
3229
8489
2603
4524
7695
2125
6364
6106
6274
9758
7572
6810
4347
9425
6281
5234
2151
9706
4989
6115
652
6670
3939
2300
4380
7475
8857
2433
7124
3077
7114
212
9372
4919
2755
326
7372
2426
4746
8742
9490
8353
1846
5290
1916
4187
7698
1175
8439
9615
5498
6347
307
1184
428
4624
8236
3392
4481
2392
9713
657
6729
2789
5189
5821
2244
4209
5246
7610
7035
2196
9007
1003
6093
5362
9249
2573
8905
8916
2558
5713
1267
8165
3376
4979
5218
8842
6924
301
9917
7034
3108
4936
8850
4025
7097
3860
8476
7584
4577
9148
7275
1155
430
219
7253
446
2038
4097
9648
5228
7780
994
3014
3004
8503
8628
6347
7976
1420
8449
9440
6512
5790
1145
5400
7334
774
1626
5302
1084
7338
5607
9680
4181
383
5404
6975
4089
