4055
7398
4106
9442
5467
9854
146
3291
9872
1049
3513
8668
6843
5161
5256
458
5802
8815
1898
8906
7514
1672
2031
486
1248
105
1367
6503
7329
1678
1018
6941
3338
5273
2917
3474
9923
1705
4547
7128
8342
2690
992
5189
6424
6324
6328
2335
9936
1370
8911
4233
5144
8383
2708
702
4616
3114
4371
5741
9955
3745
2796
6485
1725
747
1419
5440
2424
8575
3320
8774
6477
7062
6052
5360
426
6456
6702
8142
8192
4956
9059
2454
9397
7780
7163
244
4320
6655
4250
4187
3849
8932
5460
3724
8646
8713
945
2739
5575
5214
3801
1629
9037
1123
7891
4978
5870
8917
4892
5838
5296
1674
670
1249
224
816
8906
9319
