1123
9431
9450
8570
677
7703
7779
728
3177
4091
6927
6576
2893
9054
9146
6198
8919
9409
2753
8379
3174
5002
4741
3477
8545
7027
3232
2087
1726
8175
9283
132
8932
2611
5380
9587
3821
1619
2492
8785
2435
762
1007
5090
1414
1549
9230
3788
3179
4299
3117
8228
6427
4568
282
2695
3126
3291
1750
5776
1659
8826
6339
3792
9335
2632
3568
881
6163
737
178
8725
5370
8703
601
3257
5469
6037
588
6807
6421
2444
7984
2912
5321
8896
6802
9743
8776
9462
5076
8583
6044
3796
8659
6803
6105
358
9853
4893
6358
153
2773
7664
6380
2272
5447
2598
260
1642
7715
4350
252
6402
949
2970
2688
6750
2311
7663
5191
3523
8629
8715
1253
5583
3659
5562
7457
5156
