2375
6676
4544
2254
1196
4053
8005
2323
7801
9001
4777
8703
1871
4285
1795
2413
3914
7511
7544
240
6598
3752
2735
1665
4334
1534
1674
7449
8326
449
4572
2893
4434
9589
7648
800
9584
1042
9252
2619
2054
5711
4014
6725
9090
7598
8711
1447
4117
9552
3504
252
6180
7665
3268
4675
3584
9558
478
495
5339
1685
7743
4621
3374
9938
6372
7954
1975
473
4377
8988
2924
2609
9721
4958
1641
8955
2823
4816
4477
7023
124
2579
9702
6008
7139
3881
8361
5161
2971
2538
9180
846
5015
146
5749
6467
6606
2248
2022
5269
5668
2465
7276
3791
7648
5668
1805
3154
2009
6024
6522
4193
2409
9796
3992
6514
5267
1961
