190
4774
8575
6253
5457
5276
7318
7180
7330
3758
6514
3499
4374
8797
8877
8637
4050
8804
2771
1712
3067
2405
9104
4003
1564
5594
5659
3246
6861
6622
7279
8931
7326
3061
3821
8268
4758
1848
7607
3647
9204
3120
3445
7706
5791
8689
6451
9397
5735
5228
7979
8032
9967
9011
992
3667
8610
4242
7128
7071
1242
3672
1660
6139
5199
3974
4742
7002
8777
3448
5032
1771
9690
7508
6358
6881
1649
4943
9580
7222
654
6812
367
9517
8146
7736
6248
4599
4440
3431
1453
2210
4824
2119
1633
7795
5477
546
9260
9695
8483
9119
1210
8414
1230
5329
9349
7548
1851
3637
5546
556
8952
7636
1696
1931
4151
5292
2989
1728
