2007
7600
7905
8552
1888
6425
4620
9410
6131
871
2744
4103
9427
8132
2398
3158
8044
5290
7361
8122
1303
2783
8964
3683
8840
2734
6267
8254
1750
788
4815
6145
9905
7520
5576
996
6388
2340
1874
1509
9864
2065
5593
3432
9970
8663
8608
2187
3499
2813
4383
1382
6625
6059
4237
2012
3908
4099
2947
868
4668
1959
390
3277
7833
4934
6310
6555
7123
7386
8494
1358
928
4297
4104
7729
8368
1666
9913
9549
9911
6727
2090
553
1977
9468
5818
163
4012
4381
9691
8328
2022
7784
2936
4786
4590
2887
6853
6515
4847
8671
7734
7008
7417
6938
2950
839
9539
7117
9005
1159
4423
7901
9556
6578
2753
526
9333
3847
6430
4907
502
573
4746
9653
7720
5128
8377
3026
9268
2082
6488
1469
1118
6229
5013
3788
2272
8439
7816
2951
4889
897
8912
3292
2705
9753
4370
951
4421
712
7950
1170
8948
7832
3074
2094
7003
7044
8052
6403
9001
2602
6744
8501
4832
2573
7878
3006
990
8632
3205
7722
755
6497
8288
2989
2837
366
5181
8835
2335
6729
4105
9430
3744
8771
2213
9537
6755
2679
3620
5257
9210
6551
8349
2795
3554
5637
3120
9942
3379
6865
4943
751
8113
8206
7519
1844
