2754
3055
9169
5320
5791
1793
8700
9166
3230
5635
1170
1156
1998
2096
6217
8277
9124
6589
5385
3328
5937
2414
2177
439
1434
4093
8306
7320
7271
7068
8691
8764
7809
3264
700
3433
5679
5819
2096
8371
2456
7508
2145
841
2419
8123
9908
414
9116
9458
2202
8240
8589
3174
8528
5974
5791
3879
7887
6813
3301
9189
3417
4195
2088
206
3441
3664
5765
2604
3727
5873
1701
847
671
2925
1362
7968
8025
6527
1208
5498
8856
7122
4696
887
7859
6028
6683
233
9005
4660
2717
7956
1130
8991
5614
7771
4957
5241
8825
7754
2885
5306
1922
2313
1167
4245
9115
9916
8138
4923
4372
7934
9970
5925
8240
5574
225
3004
2098
9304
2871
4380
6082
1511
8992
6515
3615
436
792
482
3156
4191
1406
9158
7036
2403
7621
6881
622
3623
6743
5808
7318
9790
783
2333
5832
874
1353
3304
1615
589
8001
8018
7873
6475
2361
8380
6255
5656
7988
7698
4522
7212
9477
9711
3776
1318
6066
6321
3186
8171
8469
9023
4898
8094
3888
3125
1946
9139
4063
6312
1941
1167
4642
9465
6417
4342
