5525
1753
3947
198
3821
9082
6798
2904
868
286
4976
6854
8880
1716
5997
948
3293
5633
1976
9543
5152
8183
9358
1097
4187
1095
7232
1520
2006
7613
4561
9062
7897
9033
5142
1849
7374
8745
3940
1723
6530
5563
2358
8925
6319
783
7369
3782
2230
4750
5392
7579
9789
2785
5991
9280
9624
2857
1197
8625
1682
8102
994
7771
7972
3323
647
9326
4220
7770
1262
253
744
5044
7935
1313
2070
4465
3000
4983
9536
6747
2620
7795
7865
4105
8162
3110
7254
8935
