5319
5706
5782
3921
5835
6493
2526
9705
5452
1583
9925
8120
7242
442
5579
120
9039
1655
8968
1401
7185
4292
991
9981
7825
3978
6659
3749
4413
1046
5802
6463
6338
8475
9092
7121
2901
7612
6314
8923
4632
4336
5885
758
383
8672
960
9602
8706
4696
2768
8070
7323
409
5429
1592
4364
6628
8474
967
5798
5997
2447
2218
6444
7862
8995
9839
999
4066
2388
5039
9888
7151
1951
9251
5921
8404
8772
529
9100
8366
6821
3956
5061
7346
7037
9108
1340
2227
3146
499
9817
694
4036
3641
8063
4446
3245
8891
3158
4586
7145
8601
9816
5532
3959
8724
7583
5362
9611
7572
5496
8825
9002
3773
7153
2694
1422
9241
7013
6294
2789
7290
4890
875
1877
7183
4241
4250
5889
3499
2028
3156
2149
895
9733
7427
3109
4742
3930
9529
3980
5149
9892
2691
7711
9073
7163
263
8954
105
4790
9636
2670
1014
3455
7373
7679
4933
1125
1539
4693
1959
9466
2008
7829
1868
4072
3823
1310
8953
7320
1021
8473
9992
4615
916
3153
9051
565
3956
4291
5326
2519
9021
7634
9356
5570
8521
553
9113
3649
5752
5091
5187
1312
615
4594
5716
