223
8878
7141
8754
4601
5115
8836
4546
702
1224
5549
3807
3449
2528
6695
3645
2859
6308
6821
9578
8697
5086
8073
3164
6323
3589
726
5249
3193
5734
1198
3179
1637
6556
5779
3605
7224
9072
2120
5734
9020
542
741
7215
2417
143
1957
2737
919
9073
4537
8371
9642
6021
4132
289
4378
7590
4419
9114
3101
3054
7604
4107
7635
8799
662
6140
5834
1807
309
3147
9390
8435
4392
8795
4997
1334
6748
9412
869
6766
8587
8511
463
4356
5290
1131
3649
8253
6335
1338
1407
2177
918
312
4001
8801
8564
3414
4849
8847
2733
2705
8227
5844
2199
3944
7250
5058
6236
2041
9070
9164
6068
3934
1816
290
4638
1814
7280
3062
6811
1170
8867
7175
5867
1332
4557
8140
2128
7020
996
5910
3844
1969
2541
6365
9826
2394
7460
9942
2888
6662
4559
7507
4866
9573
2205
1687
3309
9707
5268
4913
3820
7179
5818
2097
7296
7939
609
2076
8821
6811
521
8407
8227
5078
5393
2643
1731
1091
2088
5992
2176
6678
2060
7156
7148
249
8974
3345
6920
7252
9206
8472
4883
373
9686
2523
4720
4214
9812
6096
6671
1211
6279
8860
574
9570
8897
3049
5495
8437
3716
667
6575
9120
5399
9619
