8356
7764
7651
7262
8079
3161
2270
3809
4032
7167
1991
3326
3066
2227
6020
3847
2022
1106
6688
4826
2190
5931
6228
3815
4651
816
2481
9571
1445
3657
8939
3916
8741
4168
5241
291
363
4666
3944
5438
7053
3251
4665
8607
8322
3306
5670
113
721
7775
4903
1044
9909
1508
7104
3971
2833
1175
4333
1020
4569
8226
2413
7337
7508
1722
8851
2813
5340
119
2279
3434
7051
623
587
1450
7035
3087
7592
1765
6846
5397
7236
7897
649
5661
2912
8070
1843
4154
157
3875
816
9794
6348
8899
7432
7293
1231
2969
4024
6655
5961
7575
6227
954
5169
2978
2377
1629
6299
2900
1940
5338
9771
4251
4625
1428
958
5166
4593
5386
3931
7930
1693
7763
1173
9547
9428
2890
7405
931
6642
4615
7186
171
9914
4798
5417
3885
8300
7634
2174
6949
3520
1419
5638
1751
4591
2048
2064
2738
8052
2741
5243
3688
2891
7036
2673
2343
3414
1089
1465
6014
5773
4286
8653
229
7166
4661
2808
4330
1611
5230
8216
1892
4862
9625
4215
3505
6143
2677
2980
5436
9964
1720
1147
3310
3353
7999
