3893
346
7375
9475
6148
4786
5224
3098
4161
9224
3648
9195
1458
8259
3507
6986
5198
7826
2591
3558
3726
1657
6378
7294
9910
6381
3084
2467
6641
9870
7710
1889
9535
9586
7730
3896
817
8295
1484
1198
460
7329
3554
2439
5724
2458
1578
722
8222
3279
2253
4818
9917
2827
9990
884
3208
7477
867
1600
574
4949
9359
4461
6226
2322
9795
5474
3741
2747
4685
8187
3659
4903
9065
9762
6009
799
263
7507
6874
3770
8364
6355
161
8621
7500
4727
5407
6437
1763
3682
2813
9107
1842
5238
3498
3737
4836
3023
9019
9213
191
1871
9295
7858
4678
8499
3452
7400
2662
6734
101
2610
8021
4384
4836
5869
120
8381
342
1553
5377
3002
2180
7050
6464
3156
2004
2002
