3693
7232
5873
4788
1479
2681
3212
9446
4257
6102
5630
1612
7631
4467
9408
788
3672
2416
7346
6767
704
132
2299
9620
1727
2041
7992
3114
4912
6052
2990
1003
9880
9659
2541
1797
8813
5844
7893
4466
6328
2375
8441
5416
4143
1992
136
1474
4943
7868
5678
9364
8334
4192
8494
7494
988
1620
3795
2316
7405
4086
7332
3366
3538
2114
9502
9468
8082
6297
8384
8575
8336
1094
8135
4571
1978
5790
8258
2594
8212
2002
1303
5813
6902
4234
355
272
271
6662
582
7163
4607
9988
9745
4473
7021
6195
2114
2111
6911
5580
3645
5361
8910
6668
6341
3582
5082
9236
1532
3358
8591
3284
4483
2966
9099
8233
5940
9707
3092
7755
2144
6918
8153
1602
8019
7707
5948
8407
9525
6663
9006
1720
1930
5692
3178
1952
2595
1595
9621
5716
4927
7582
6942
1442
1619
1604
6031
506
