5994
3966
3060
8626
5918
9388
7491
4609
3900
3684
1072
8435
4031
1807
3207
9819
6175
9856
4518
8130
7210
7485
6879
5488
837
7376
3232
2915
4205
5016
9999
6750
4245
6488
5950
8549
1004
6064
8720
3609
5741
8559
5594
8421
2967
9431
9325
1685
624
5972
4074
7255
8493
1333
1954
4979
6614
2392
9570
7614
7723
1704
7511
4520
4923
2960
7999
2387
1297
5842
3833
1029
519
2190
4125
2662
7648
1733
2710
3787
3352
7637
9908
7303
7242
1047
9610
8932
5914
2989
4904
1335
4798
6606
3254
753
3313
6134
4793
2652
2430
9623
3200
7678
365
214
731
4543
7822
4037
9744
3374
1964
2331
4398
7865
7444
3059
983
1472
7278
2206
5329
1474
5822
1142
4272
8787
3595
6839
6390
2228
6296
8575
2769
3482
6436
2881
2673
9772
4813
2640
6373
2339
5200
7584
7520
7692
7117
9683
2627
553
1637
4255
8665
6654
227
2555
1569
6178
3982
1205
9124
3713
9459
635
4343
7684
1507
3370
5958
4137
556
6360
2101
1953
7392
6002
6833
6951
