8917
7058
2730
3713
712
2024
7157
3413
3694
4192
8826
5202
3229
4585
1881
2574
402
8181
4147
5402
1247
7570
8996
3006
2017
6528
3121
1086
7273
8612
7585
5723
6399
3231
375
8958
8765
9206
8881
2421
5593
3218
518
2785
8209
9023
8061
1286
3456
264
879
4068
6774
8328
7287
9289
6450
3389
5573
1991
198
5307
951
2298
6701
4308
6151
1389
8248
9760
6595
2859
648
9582
9463
900
4293
8869
6228
4496
7071
7548
5663
6158
4506
3678
2488
2808
974
7660
2899
5299
4482
4594
5978
2887
5720
6368
1050
4460
