4757
6009
7097
3828
955
2563
4744
6430
8338
7899
1469
9643
2887
4020
2601
4989
9671
9065
4780
1105
103
1465
3531
4325
5528
8292
8901
9820
5985
9626
9963
6493
1475
1319
1499
1215
9550
2441
7010
6083
203
105
888
9632
7852
8657
1331
5355
3479
3940
368
9122
2474
2950
8933
4828
8484
5076
3467
386
3640
1083
5676
3615
4433
6268
2296
9538
908
3534
6795
5004
7495
3295
3138
1149
470
6584
9289
917
4732
6111
8480
3194
9601
6538
1964
6485
9359
5660
4955
6628
2866
223
4849
8342
868
3049
7149
1726
3746
1890
8970
8966
6942
6866
7412
206
7705
510
2606
347
6029
7076
5751
7265
6299
5592
2655
5164
5284
3986
1761
4906
4866
5287
768
8284
4790
9115
9674
6940
2945
4392
7823
9799
9271
7411
604
4566
5908
5737
8584
8534
4768
825
4648
8393
1274
7938
3882
1378
7233
4565
2076
5048
5799
3115
4333
6917
