9929
7938
6859
156
2927
1963
6403
5697
8478
5266
9502
8171
7663
9813
6912
9075
5547
3054
3950
5339
1038
4466
9985
1732
7036
6213
2646
1337
3933
8591
134
9440
9114
4858
5662
7283
1915
8632
8346
7234
4246
4836
4811
1500
3299
5098
249
7133
6455
6943
8268
7118
9289
8990
3390
9730
7281
1671
4112
9177
6131
7989
5883
2276
2480
7080
3197
8023
2673
2133
3894
6033
8220
7124
4840
5101
8919
7102
3497
6430
1361
8024
5588
2029
7111
5257
1262
2439
3472
8558
7033
1396
948
4465
3376
9873
7341
4127
5581
5386
