9001
6394
9306
5010
8384
2006
9431
8173
6731
2145
8408
7440
6792
585
3611
1591
3133
2810
6605
2585
5235
8263
7682
9627
3540
5072
9330
4414
4711
3972
3116
6419
4792
2846
309
2993
2989
5308
9211
3946
7695
2988
8107
2018
292
4985
3527
2268
7867
9029
8649
6698
5178
8979
9123
488
7722
3215
4827
1563
6895
1192
9817
6621
395
8093
6493
9711
8800
3373
858
8250
4814
2550
9161
8487
1982
118
9510
1086
175
7135
5334
7222
8643
9370
6191
2334
9788
2646
3521
1855
3639
9688
1279
3927
7515
9676
5418
3449
8929
7838
2743
9709
254
2766
205
3222
4132
6859
2457
9630
6627
8124
6340
8149
9786
205
2842
8295
5015
1336
2591
600
8589
4298
4360
6436
5108
3303
