310
9216
2772
2166
6712
7645
1272
1888
1632
1543
4192
3707
624
6899
5270
8489
1607
570
428
3869
6942
9621
102
4341
4033
9932
9816
6587
4626
5218
5805
9211
9581
4728
1903
7917
9509
6589
5682
5814
2824
5313
7608
5945
8684
3067
4961
6428
9934
9101
5295
4691
5091
3642
3253
2964
4318
7139
4729
1464
3812
7575
3780
2620
5064
6111
6429
1837
983
9690
5096
4626
8673
2134
2728
8205
6005
7837
4976
6272
5914
8617
8988
170
6138
3946
7140
3562
1830
1081
4480
6866
4447
1298
2351
7227
8130
4593
2764
168
1528
6563
5556
6671
3444
5548
6941
6109
9112
4795
2192
453
6365
8695
6498
516
2569
4121
8257
5097
3176
7273
3805
189
3007
6271
4582
7467
3943
9415
