9270
9235
8917
7473
1813
320
6607
2323
9376
1441
271
8958
3734
2574
6850
3979
4795
1068
5983
7051
7194
4775
7740
7996
8467
1428
5643
6496
5950
2733
706
5430
736
2458
2388
8095
3128
5956
8546
1236
659
786
7185
1939
7597
5637
524
9176
6912
4055
4022
9581
1830
5705
2884
6704
3830
6384
3873
6662
7958
8755
2705
9483
2751
8239
4723
8464
7528
1963
2668
357
4685
7210
8959
2076
9436
1108
7600
7773
190
8783
9607
5023
722
1058
9451
5902
9659
5405
8902
7385
7791
1416
1414
2043
2075
4860
6832
8994
6740
3453
7910
2803
8013
2751
6655
3566
5144
2296
