2628
8044
9453
9412
7066
764
4359
7820
9736
6859
6612
1196
1149
5465
388
4214
8601
1978
177
4864
4564
3350
9504
3160
4595
4551
8193
4981
1340
7661
8671
6781
8495
8066
2337
5720
3378
1086
2684
9399
6659
1395
309
5677
4033
5092
8136
8967
5093
1949
9231
3197
9501
6481
8913
9415
9655
763
7750
9789
3312
9537
7571
7033
4634
3655
9710
1585
3982
5755
8909
7919
705
4958
4532
8683
4414
4349
9830
286
7626
4512
9679
2635
5928
987
3656
5579
6470
5284
5421
2141
3839
6926
5403
4609
1862
4320
8812
9910
9099
7655
4880
6339
6954
6148
1759
8459
2078
9968
