3593
9342
513
2759
1067
8269
9071
9277
1594
7662
5241
4155
4895
4424
4218
6556
9599
8231
5878
3215
3696
1127
9979
4252
320
284
3904
6227
8807
9069
3173
1429
6936
8954
1743
9294
9844
6865
3788
3501
2361
6694
3927
3151
4676
499
8416
2462
3384
9460
7947
5665
184
456
7141
2040
7478
4358
7244
3464
3177
3322
1241
4201
9901
8785
5615
409
6931
6378
779
6636
8710
421
3451
5263
3281
2023
3848
1148
9290
7695
940
4349
8795
7840
8434
8017
2499
3421
4188
8138
9921
3426
8341
4709
5268
5662
3020
4206
911
8303
5099
709
6020
8827
5253
8197
427
3086
3011
9307
6082
1730
1531
952
2411
9039
3323
8746
6228
2185
7738
1693
8642
5384
9256
8719
5170
7976
1640
9610
2836
8734
1249
9854
1745
4949
5014
8381
2836
6562
3351
5486
6525
2793
3328
1299
359
9004
