6497
946
766
8826
8192
5155
9461
984
737
2349
1809
8480
8126
1673
8791
5008
836
5458
8751
7359
8060
6619
3699
4973
8632
4645
2588
7796
7314
2600
2883
7600
7860
2035
2265
7546
1056
8596
2980
1962
6552
8420
3002
9311
7498
3305
7804
1575
6480
160
191
3949
3761
8776
4287
6880
8722
3816
2691
2960
9569
149
4482
9523
2973
8829
3664
6157
2510
8465
8667
4696
2866
4872
985
9411
5765
164
7136
5462
3975
407
7254
1667
2833
6229
4430
4889
9737
5985
6020
188
1641
2259
186
3396
3003
7204
9788
1100
7667
5468
2278
4265
6395
4821
6799
5165
5008
2026
9591
9113
7985
5974
3703
5522
1721
8715
2041
8943
9638
8885
2423
8502
2108
3708
9264
2406
7347
9625
2239
4393
7825
4445
457
4987
5331
8990
642
1486
