7691
8895
8376
4207
8395
2114
2221
2579
3928
1575
6432
4057
9230
2413
3536
8057
5599
2408
812
6723
3504
6533
2830
8621
6154
2277
5237
4898
5970
2972
8833
5654
592
1526
2153
8662
3673
5354
1784
7141
6377
7793
1594
1043
5334
870
9344
1760
9435
3757
2772
4975
7431
2488
8715
6094
7833
599
1164
1243
1330
9705
6678
2327
6137
3040
1990
1954
1974
1283
6987
999
5682
8531
5998
480
2442
6735
2279
7243
8803
1255
8929
2920
8818
3452
2365
7737
2744
210
2350
1069
8923
596
6272
1086
5174
7572
9836
1833
4088
4162
9269
6567
4279
834
9281
7501
9085
1604
5953
8808
4509
8098
2414
9357
6334
428
7630
6215
7291
9348
5971
2292
5734
8133
9434
5596
8775
1888
