9202
5288
6251
8816
5266
5405
6647
9735
6651
8716
1737
3609
6015
6844
1752
602
7989
3864
8694
5802
5119
4233
7779
5526
2775
1003
8788
7851
8925
2043
8330
2191
8747
3899
4000
9041
8500
887
7191
7784
5225
9295
4560
9358
5259
4627
6780
5321
4078
5038
6640
3431
6555
7811
3920
841
4757
9895
865
3886
1220
9728
5777
4023
835
9088
9582
6629
9945
8743
980
1013
6392
207
6215
5737
8185
539
5579
9464
5913
1006
889
361
6601
5865
9823
522
4329
6296
537
2821
5510
3329
1864
9157
3016
7600
8942
3088
3942
5602
334
7890
151
5490
2137
3300
7764
9044
