5592
8422
2158
9136
9784
4297
4562
6467
3680
7720
9881
6987
4641
3172
765
1140
2864
6347
7272
2943
3842
5905
6676
7319
8837
305
204
8686
3000
6427
8149
879
1588
3838
4763
872
9112
1436
2421
2803
165
5372
211
3408
7182
2590
3206
380
7174
7795
5186
891
4489
9480
2595
1175
2954
4410
5941
1589
8894
7976
5505
9928
3285
9416
5935
397
5761
2099
3905
5768
6707
7093
3588
6694
9860
1151
8437
5234
8907
4740
1805
6770
3312
9609
4662
6722
1515
501
4394
8520
192
7931
7329
3184
2687
8092
7730
3200
8924
6066
3445
8065
9799
1501
4129
1870
861
2312
9916
7288
9959
1440
4535
3504
7441
3980
4273
1547
5488
9620
8899
9760
1730
6250
7828
9368
5277
4152
7988
8373
6329
694
7918
3016
7350
279
1637
1931
