115
8762
7297
5221
2439
8553
955
4843
3908
2253
1516
267
7960
7029
6724
6516
2521
4623
3252
9659
8934
1804
4752
3120
4261
1207
7035
5671
1310
6437
2714
6134
3861
114
3455
6800
9454
4406
5869
6605
156
5742
9499
2681
5887
8047
589
3751
7210
2395
9021
6063
9200
6975
8357
4026
8434
3975
9618
9776
4912
4474
3027
5249
3575
2287
4257
9374
5333
2817
2941
4537
6539
3632
8877
4375
4280
7104
2341
5202
4392
2368
243
5858
9449
7796
536
5677
1080
916
7703
1331
5937
9993
6232
4507
1208
1408
3610
8194
1808
1934
7080
6517
2220
6139
8041
4437
1125
2596
5604
3876
8035
9913
4885
2881
9861
9031
3244
5459
7916
4470
1646
6833
3903
555
9649
1136
7176
4801
