3091
665
6891
8727
1739
2173
3559
8125
6928
8188
6623
3348
7339
8333
382
9430
6038
5115
1843
2243
1171
2671
3782
5343
5448
5033
8645
7497
4066
5580
5772
4798
6169
8143
1974
6573
1070
2208
3658
2433
9720
7948
809
4170
1247
8503
641
4072
5663
3215
1721
9937
8167
9454
4068
2682
1426
4445
6955
2285
5616
2811
7972
7412
9183
4953
4117
6628
8998
8067
8429
7629
8297
1342
1138
9608
3566
3766
7652
6718
7237
184
4060
5853
8619
7586
8882
7953
4055
5983
8091
4838
9536
2474
6959
4924
3409
9159
3821
9517
7761
5383
8828
5018
9715
6925
8808
629
7968
8048
4547
2107
874
3280
9348
4050
5307
1780
1491
7824
4634
6221
2510
7232
2519
830
4392
4059
6458
6974
6793
6849
5117
6255
6780
2743
144
784
2312
2475
1302
2361
6150
8660
4619
2085
935
2499
2004
5176
4776
8473
9104
1316
2435
4740
6294
6608
6128
2652
