3701
6266
7107
4960
3322
8929
7501
2859
6346
1162
5603
5817
4059
5825
455
9544
6986
7909
1354
2427
2405
7059
553
4641
8350
3002
5657
7773
5974
5048
6424
914
9955
8527
4184
355
5454
5907
817
4297
3176
4100
9334
9980
3571
5953
9663
4884
2434
7897
4678
563
8254
5526
8976
589
8449
5397
8824
1398
3987
4060
3050
4884
6223
8682
3506
5254
8573
7718
7767
7471
3843
7237
7578
9574
4476
960
4523
3333
6707
2614
2358
8690
1583
3824
5347
9951
4704
5023
3918
9382
2083
1783
4971
6754
5661
7743
5785
8435
4208
4678
5187
3625
5024
3592
7704
5482
4618
9961
7559
5335
178
3041
7045
5534
5220
8282
2408
3231
574
3899
6881
336
7762
9958
2128
8865
8851
7814
7443
7117
7869
6717
3810
9735
6864
8583
4167
6232
1833
3277
4700
6862
3147
5722
7920
1864
7992
9632
