1795
8766
4589
3416
3290
9379
2996
1967
3933
7629
1425
3724
4949
5354
5863
1930
4034
5013
3017
4312
4471
5699
3711
6452
1552
1510
4887
8147
6642
2480
1777
5962
138
8176
9339
8485
1354
5873
342
9476
6289
1095
7996
2217
6889
6417
8907
427
1551
6735
8841
2621
5747
6110
5912
8598
1468
4325
7092
3053
1288
2584
9111
9877
8047
3694
5993
9446
2891
2761
5363
1545
9223
1562
6947
2739
9459
6350
7025
9940
536
2259
4548
1737
1431
3269
9163
2102
8023
6867
8475
6407
7001
7171
731
6543
9830
3713
6693
8009
5335
8572
1252
1089
3485
1366
1208
5104
1465
4209
3530
2404
7937
7323
9707
2924
9903
3795
4410
510
9404
7706
7823
8222
6014
1712
9060
4558
4716
7100
2836
7149
8124
9021
3125
9335
2370
8457
8242
7022
1972
4035
2803
6844
4382
8174
8089
6895
4491
1699
