4736
2139
4950
7813
5508
4470
1009
4431
485
8021
1963
6670
2596
2012
2226
7387
431
1032
5997
8668
2265
1874
9187
7845
2578
4839
2455
9199
8234
6964
4514
8067
4300
4881
9370
2986
6450
9573
9129
929
9886
2746
8170
9218
5499
5644
3902
4459
8504
9666
7842
947
5823
2608
5268
3651
646
424
4304
3138
8136
8372
6443
5419
9519
6784
2124
9938
325
1672
4143
3179
4688
6264
5066
9995
1446
7251
4647
1311
2834
1904
8090
3571
3949
1732
5395
447
2250
5326
336
5223
7740
1549
5493
6984
6832
1886
996
4664
7190
982
7679
5055
9680
356
4706
2095
7470
8366
7761
6620
8790
2694
7818
1820
8086
615
5835
355
6335
1312
9845
971
891
8941
4646
9588
6443
8890
5893
3721
3393
5134
6149
7562
410
4669
4868
843
1703
9787
5542
6149
7843
3537
6009
4946
9074
4366
761
1832
4954
3835
1171
7714
7455
3372
7382
831
5785
1679
4460
366
3953
3753
8144
352
806
2434
1438
6540
7273
950
9580
4540
8449
4414
7373
9470
2283
904
2142
6880
7037
1833
781
3039
1822
8537
5457
4650
4158
795
546
6479
2242
7334
4720
7890
940
2575
7830
7437
3999
5896
9175
4695
3514
9207
