5279
2644
201
1197
9207
5323
7472
8649
7298
8953
3689
2672
5356
7723
7100
8093
984
682
7995
198
5648
3184
148
9504
5613
3861
2369
5320
7614
997
5468
7950
6217
5295
801
5907
7795
292
4295
6906
9061
4681
2745
2049
5753
2624
8082
8113
9585
5172
1200
1160
5041
6005
154
6196
8728
3095
879
9867
1102
3285
3875
1586
3345
916
1630
7352
9371
8578
8544
4997
4434
4521
1568
9327
3340
264
167
7635
2672
5612
5803
8831
8001
7365
9937
6178
9185
6111
9951
9745
307
9208
6509
9744
8477
1090
2653
3764
7412
841
1368
3063
9422
6218
9959
3383
9337
157
3725
4198
3610
6689
6564
9540
199
9558
9742
1998
6542
967
4947
3459
7513
2947
8383
1683
1559
5549
6223
7572
3381
6981
8014
4784
2136
8055
4642
8349
9118
279
1726
4558
3043
3358
7457
1553
4179
8557
708
9441
8549
1870
985
9868
1029
4868
9847
5970
