6804
5878
5836
8479
3712
8444
4855
741
5956
5804
7885
2188
4802
2994
3245
9338
6955
7739
5059
8148
6240
621
1925
8960
8503
2018
600
130
3403
5272
5488
9335
7263
1724
2429
8920
3721
2477
565
8443
8566
4571
5333
9194
6994
2273
5485
9453
5733
1939
3129
6390
2136
1667
9779
1626
8544
3796
7161
8391
7706
9221
3911
754
5069
8053
8149
6806
9076
929
5684
4246
9346
9974
9810
4633
2747
565
8173
4023
1530
266
3251
4424
6911
6969
8864
1217
353
4171
327
7817
3270
7824
9087
5445
9333
3000
6998
7860
1879
4653
4252
1265
6553
5678
2862
7504
5120
3087
2063
2079
6874
1730
4180
9863
6373
2658
8127
3119
7889
9363
3789
6601
2529
8513
2602
366
1163
7184
726
3211
5138
3814
1756
8102
6630
3284
940
7709
7597
2845
8973
3132
8052
9000
2980
7615
8311
9457
1411
977
5324
3338
9209
5189
9535
2930
3132
9517
