4049
2845
4672
6990
2554
6827
6388
1286
817
8839
8562
8863
8086
1795
8473
7270
7266
3077
4309
3315
3162
7513
9950
262
5199
9406
7140
1369
1120
9642
6996
1636
7954
7793
6706
8602
6725
2110
9895
1206
1269
100
1990
1404
7657
3738
959
4751
5062
2491
9061
9442
5460
9695
9046
5317
1668
1572
2097
4556
7373
7522
6510
5053
453
6631
2820
8940
2861
7709
7771
8644
8980
7019
2653
5299
1634
729
7701
9239
1696
8117
4177
9781
3444
2526
3979
5081
8472
4521
8439
3364
8693
7707
7766
8087
9052
1138
7402
1489
5082
3833
5602
8863
4376
1355
7927
3427
6894
9808
8962
9639
7363
6762
6844
9649
7209
955
2863
3649
9412
3040
5678
8256
5518
2037
3011
1752
7092
3275
1931
8024
4092
5991
5567
7272
3302
7597
203
4725
1398
9758
5731
6478
5487
8812
288
1471
1637
6037
9773
2966
6915
7029
673
7144
1022
7633
5411
8531
8559
957
264
5033
8562
7727
2070
3136
8821
7425
