2426
5875
1509
2618
2369
1689
174
5992
1078
172
7809
5299
7188
4697
6766
4702
1210
3932
1391
7141
7772
522
2730
5479
5339
3386
6419
7276
5157
8735
654
1714
8738
8864
3216
389
4437
5479
2872
504
6485
3228
9907
9369
3632
3641
6989
1229
3592
8176
8954
9662
2795
5488
951
7053
3621
9364
7178
8822
6138
9378
8657
7129
7467
255
7140
579
7858
3394
7560
6769
7579
2282
7041
7946
9115
4281
931
6825
5128
916
6881
3746
3327
8446
4603
1569
788
8416
4010
7473
3282
3772
1065
5180
2424
407
2444
4807
3849
7659
1366
4299
9274
4650
8141
7330
6249
2984
9217
6486
7406
1810
3799
4792
314
5532
1885
7001
8061
496
6930
7610
776
9492
9059
6026
6952
4773
5210
4627
6241
7064
3237
2411
2355
2158
1379
6577
5191
7697
7435
7621
2595
1579
1557
7039
1501
6962
193
9069
2622
3718
898
6818
7181
5248
6799
4519
7546
8509
2941
8285
8996
8075
2317
2776
1089
1066
3626
1519
6959
1175
2737
7126
8018
9391
9694
3551
