6129
2126
1295
3247
720
2185
8418
3431
2621
9764
9079
603
4190
434
2598
2899
361
2819
8192
3567
4772
9856
6023
9900
118
239
4564
5968
4316
4799
1248
4530
6202
2328
5949
9587
5796
8618
9400
9119
3901
7533
6761
4465
2704
7253
4099
6265
8195
8305
6832
5262
9266
5867
6716
5986
8637
6987
8982
926
4971
8564
7197
4643
9847
7438
7294
2523
5884
9094
905
1765
7727
3186
6119
124
990
5542
8820
6610
4182
3404
3579
2482
3720
4533
4267
8391
6158
8947
4072
1437
3193
7053
6955
913
5495
9928
4401
6804
844
9749
8901
4735
8018
5166
3444
6955
6458
8244
1603
3651
8538
1820
896
4987
1923
8434
9917
4857
7074
166
1765
2158
2641
6367
8101
8165
5006
2318
1315
2557
1116
3869
4900
2999
2169
693
9133
2637
3785
349
8619
5654
8806
929
1429
4066
7019
1907
