3564
5374
6327
4437
3825
2923
9332
5462
8118
8521
7027
2665
8326
1197
8606
7764
5356
7293
4068
8349
2090
4702
9019
8589
2274
2749
6982
6060
1588
3681
8243
2869
8295
5815
6975
2878
6895
3510
8728
4358
5891
4692
5830
5798
8518
774
3109
296
342
3826
2299
1254
2495
8687
989
3600
2943
5758
6575
9266
3452
2107
2936
6417
9668
9071
9655
5969
1020
4904
5407
6335
503
3488
1856
6154
5312
6856
9597
1792
5739
9473
6252
4014
859
3764
1884
4170
303
4284
8558
652
4841
9151
250
2211
5636
4792
8893
9846
