660
1588
9128
5227
1823
1643
3584
8809
8020
775
3781
4118
9015
9872
133
8615
2711
3781
8072
792
4572
7098
2313
9728
6080
7818
3223
7026
7313
9863
6542
652
4395
9382
6690
8396
888
3870
1451
8017
3366
6562
7703
7702
2972
5737
1944
1149
7651
2255
8201
4492
5864
3953
1281
1763
9766
9352
4104
3999
4234
5373
6510
7304
2835
7242
6106
2590
6337
4625
1990
2507
6140
2060
8141
4093
7185
4687
6016
3750
4419
3350
4142
4782
167
2412
1196
9447
364
4705
2329
6201
922
4298
4841
7623
8583
1524
906
9998
8424
2138
2049
4066
411
3824
5825
8826
4542
2177
5088
8300
3876
8715
3004
4504
8926
9255
6055
747
3700
9300
9349
4623
5690
7263
6805
2463
291
2768
8214
6829
1778
4389
6797
3991
9389
3489
2418
4073
