3003
8966
2717
6338
4161
2277
5221
4467
133
4274
5568
6325
9050
6697
1080
7080
8788
5612
6639
4605
9120
9406
1860
9518
7765
243
137
2541
492
777
6754
5859
778
3798
4692
6919
2562
9423
1113
2357
7981
5781
4030
7673
7781
4767
412
7065
6183
149
5551
8748
9438
6226
5538
6944
7973
7037
365
5446
5308
315
4713
7851
4543
8241
5016
5315
9072
7123
3649
8237
5532
9550
5048
8941
2844
2338
1025
9005
6352
2507
2408
9073
4563
8363
2602
8334
7687
1059
5713
934
5781
7656
7190
5044
8933
3706
8712
9938
6359
191
9581
279
6142
4118
4203
7664
6355
9205
1871
8127
308
6898
4402
5769
129
8344
4245
3375
