5084
2345
3442
6368
4312
1193
6377
6282
4669
7589
1572
8316
2312
7541
5853
7661
1766
6540
9911
7894
3669
1604
9021
2643
1461
915
2681
5777
9125
2687
9959
9212
4647
7568
2786
2965
9607
6734
1972
3904
7911
3447
2107
9403
8070
2977
7168
7038
1919
6175
7185
140
8331
7858
4060
3503
4071
1775
4496
683
3120
8546
3007
5639
7066
7536
2260
3697
866
9846
3594
3574
7451
8710
2689
3624
1598
4813
7756
4667
1941
7521
2415
8288
7784
5406
1134
3561
7949
3941
3046
4357
3146
9698
8302
5394
8175
1873
5920
185
8673
842
248
5086
2785
6980
3881
6899
4684
9807
2719
6218
7010
6791
5510
3016
8594
7928
9483
7240
755
6931
8995
8102
8193
5133
8173
7653
5653
2714
4706
6431
6549
3242
7374
5142
8948
3185
3718
9220
908
7743
7885
1705
4729
1211
9299
3993
7385
5176
5408
9976
2923
6316
5219
7096
273
3873
782
8851
6649
5981
7186
2157
6113
6378
4264
7403
4821
6772
3254
7456
5826
5267
7608
2163
4596
6173
7267
6281
