9621
1416
8145
9262
9390
3982
9681
9347
311
8025
9114
2453
7518
2051
1662
8040
9014
2640
4954
4625
6534
563
5360
4867
1169
7072
4042
2054
344
6594
1888
2733
3270
8871
1391
209
9369
6635
9013
7143
5551
5790
4828
4588
841
1307
5432
7102
7899
2310
9596
3222
2525
8227
2535
6138
1525
2269
7888
2130
3707
2887
7244
1371
3774
4362
4137
3050
6449
8392
8378
1425
6207
640
8595
9234
7395
8018
2334
2891
6751
9514
4691
8640
1452
1928
1922
2907
8750
4888
