1327
9837
7577
3547
1298
9910
3699
3138
5608
494
9719
6739
6186
7610
3014
3277
8314
6764
3575
3596
8722
701
3862
8992
282
9851
2768
6970
1114
9867
9198
602
2921
537
2015
460
1022
6877
5195
306
3430
3549
8404
7251
9453
5140
7759
838
7119
1249
3768
9688
3724
6349
3971
4550
4645
2477
1561
3685
5440
7227
6810
8519
913
475
5707
9814
9756
712
4888
605
2316
4356
9106
6479
876
4719
7366
1893
2136
7545
7608
1610
1497
4791
3865
5295
9744
9663
7501
6676
3270
481
339
1948
6242
6288
1939
8744
7253
9939
8952
3168
9051
6392
7312
9913
4106
3397
6681
6462
4398
4500
9930
8053
6515
1356
8457
1220
3506
3891
1019
1924
9756
9257
1080
3421
3295
9131
