2961
9524
7432
8389
8050
8993
278
4752
4185
4909
9466
7661
1848
601
7195
7392
7448
2206
9297
1613
198
395
8874
2380
9510
1550
393
9617
942
4121
8063
2033
8175
8920
4060
1013
1386
3013
6106
9660
7424
6683
5937
9160
4899
1482
394
3413
3662
2555
262
3608
3152
5204
3317
7209
4204
4253
1915
324
5424
9601
4421
7674
6711
4920
5556
7264
3546
9699
5950
4036
4927
5313
4968
8371
7586
1541
6504
8794
7437
5780
2498
6870
4821
1730
4552
7609
3843
2573
3696
6984
1364
1026
9513
9319
8272
6533
9736
166
801
2629
104
4886
7280
4796
4040
4905
9843
2681
7581
3199
9427
5273
1017
4685
3843
3834
7909
5260
3754
2210
6517
149
3077
9514
4390
816
1068
2517
9612
879
9592
8719
2465
5724
7466
8720
9901
4936
4877
2490
3512
5000
5043
3595
2190
5447
8743
1368
6598
1728
7608
4828
2328
1810
6594
9423
1271
1848
