4578
4176
1658
1169
5093
643
8953
4717
675
7913
8084
1182
9598
120
6314
802
4611
6592
296
2271
7262
3063
4390
4210
2786
1475
3123
8666
7687
1580
4797
624
8291
3201
8156
3015
2774
8032
3721
3014
3146
2022
5360
156
2121
5458
8469
741
7300
2370
3154
2851
817
2010
6391
4173
9153
4131
9568
7852
2592
4576
6510
6548
3538
1465
4593
5425
7228
8236
2989
8352
4998
6634
2051
4222
9099
706
6762
4539
5403
2772
2222
9665
3916
602
3200
7904
6509
7719
7594
1500
8234
1005
2408
8221
195
3040
4009
8559
151
458
1732
8639
8604
9506
6720
833
6239
1272
2409
3611
8076
6403
7855
8047
6567
2705
5188
6752
7773
3747
9435
6833
9626
975
4753
1192
4076
8840
978
3087
4653
6364
6782
6170
4287
4999
9902
2216
8828
1467
5082
8489
7312
4170
4720
8900
4557
7445
6835
9840
9352
167
1610
5181
8797
1587
2772
2710
516
4467
5252
8677
4473
6994
5619
7692
870
9709
7295
227
4557
1424
2337
3684
2595
6448
5915
8923
8844
6872
9910
7978
3371
3316
5525
5427
5212
8391
