4331
7745
3550
6278
2387
1330
6991
7573
9277
7865
3755
2627
1985
7056
1521
2162
6280
9379
2584
7317
8762
4842
4179
6942
3216
9168
1242
6174
8147
6993
9405
8427
6366
3252
9760
5079
9551
6615
186
8610
5658
5018
7145
1489
4825
4686
699
6083
6270
7547
8705
2203
8157
3491
3891
8336
3445
2857
2501
2749
2939
4604
4946
4700
8711
5241
2232
2312
6352
4194
1709
4435
5593
6936
5766
6328
7626
4475
5203
9471
6165
9946
5649
4241
5847
3530
2646
5667
9099
825
8655
6684
6478
3705
9106
2204
8440
8509
949
2403
