2042
2372
8872
1512
2254
7194
5848
6066
2691
8879
9824
286
9051
600
5715
3125
9660
6093
5105
4936
437
4482
8124
1627
3087
5378
6098
9044
4317
2765
5262
7030
4792
6347
8433
372
9552
3740
6793
7746
8533
8721
7970
2886
3958
2219
7620
6725
7745
5961
6179
473
7044
4579
4682
1327
9202
124
8294
8947
6205
2927
2502
6489
9449
2492
5213
1407
7035
2384
1571
3735
8007
2264
109
9168
2330
8779
6034
4728
5747
4362
2169
8780
4622
5499
8288
6046
5101
1728
200
2341
4182
7879
3115
2754
7327
9456
5332
1572
9754
5036
5406
5945
4229
4686
7778
3248
7414
2183
1641
888
5149
8025
3432
302
4241
5688
925
4577
1782
3103
1195
1101
715
8363
5018
4769
352
9203
4171
1227
7109
2082
6693
1729
6857
5247
8290
1669
