7064
8242
9441
9432
8358
3884
6079
462
2662
8143
5440
5434
4193
8669
9163
5651
3403
7367
8453
2108
1205
2011
748
5557
6225
5738
7299
3476
1415
5760
8464
5780
8426
3082
3599
3690
2278
5597
2741
8468
7435
7572
6685
4902
2868
610
3699
2508
4064
2079
2369
643
8865
5632
1832
6584
7537
8078
5233
8764
417
2986
6895
9319
5156
1551
950
6711
7184
2871
901
1085
5642
792
9206
1576
5121
9921
3769
3532
5373
8252
4136
4336
3476
9383
7329
3344
5918
8683
2000
6239
830
7956
381
1954
1803
332
3351
3849
4930
5165
5539
2247
4226
7814
874
8878
4726
3410
3723
4890
3483
2873
5384
5835
5785
9465
742
404
5218
1984
8390
1828
3899
1753
2322
4658
4785
2159
9439
1194
4469
4980
7728
6907
3838
7175
1397
1549
7905
9232
9739
8577
8769
1285
5373
750
1169
5790
8487
392
4760
6631
7614
3054
2930
6947
7242
9914
900
7805
1103
892
5879
7492
7435
4512
8716
2392
595
2370
7047
9108
5765
3782
732
2599
4304
1836
956
4317
4381
3047
3514
5638
9125
2987
7671
5611
