9033
4790
3873
107
113
5520
462
233
3155
6593
2334
9960
6839
8622
7976
2041
7536
5968
8069
1798
4811
7451
6490
8621
3760
8623
1853
7664
4636
895
4006
1188
5765
9067
3618
8295
1992
145
3989
7808
772
8522
5079
6635
6520
5637
4193
8138
4987
7261
1716
9819
4443
2400
3705
7377
5478
4483
3075
4906
6769
4099
1518
6939
595
8869
7134
4726
9465
7163
4862
2543
8859
2061
4907
8716
177
5377
4250
294
3738
7891
4619
749
5504
9546
4665
4466
622
9022
5695
870
9414
2778
1868
3514
6090
7543
2987
2555
2458
1510
7052
948
7766
2505
4286
2472
4441
4638
9567
3397
1247
2564
4382
604
4754
2439
5665
6805
5079
4672
9475
3490
2167
7152
5386
4216
5940
7039
4032
5902
8088
4051
3409
6188
7112
3864
9383
7898
8038
8730
2410
3918
2838
8246
488
1256
9220
5689
6176
3360
9109
4006
5353
188
4106
3194
4621
6619
6813
1731
5965
4043
336
9138
4449
5517
6991
6756
6372
4137
5492
8570
7359
9139
6205
3042
6798
5216
