1016
8444
3700
4096
4655
3143
9035
2754
9249
3739
7019
550
121
4891
950
9413
8862
3980
3110
7435
4906
8471
8445
912
6772
1144
3119
1710
2308
2280
5017
8932
1847
6087
5540
3310
5062
3798
3142
1586
5274
6300
4058
7220
1943
2618
5966
3255
2983
2955
8584
8382
3106
1387
7448
5005
9282
5589
2933
6395
5379
1735
1073
4887
5836
4146
7720
7586
2125
6398
1448
4141
184
8243
2278
5532
2300
8731
9166
7681
7814
3323
3178
8493
7253
7301
364
8558
7665
4428
5748
343
7220
6703
109
8243
2778
2862
6593
6108
6760
8162
4457
1976
9207
8537
396
5947
5906
5862
9655
1491
8125
6511
9699
7200
9269
7066
5832
1930
7465
7705
1951
7588
5940
4962
9776
5376
1203
1983
7985
9173
8752
5135
855
6814
7888
5201
9677
8478
4316
2720
6443
7229
1209
8170
1980
9280
3309
9186
