302
5552
6442
4076
1967
8283
1451
1335
6489
9285
1594
8969
4938
820
7783
3030
2298
2863
9348
2834
3671
9702
7084
7660
2889
6277
2104
8976
7787
667
155
4294
9548
111
5940
123
2428
9843
5044
1942
3596
2468
374
6591
3139
7802
9644
3795
5292
1096
8270
8416
4387
4199
8400
5464
3468
7904
4481
3609
849
4426
6117
6488
9856
1978
5991
3936
2387
4972
5434
3632
4230
3533
7786
6377
7046
6919
4355
1085
2369
2996
8188
4587
3183
7986
5815
6360
4662
2653
2308
5546
7062
6015
5883
3686
2926
4657
6969
2540
1665
1199
9338
2299
3273
6924
6542
7629
633
7888
2784
147
2543
4855
6620
8405
4526
4297
3399
4397
1352
3796
890
811
8728
6145
2318
9124
928
4016
5488
6090
7791
8873
4368
2324
9324
8660
1567
1082
7785
1854
1934
9331
7367
7312
2921
8197
2008
3128
3400
3908
2185
7641
2867
7079
4322
8139
2043
3156
6325
3304
3235
9746
7462
1368
6341
161
2482
8842
6325
1087
1347
2042
5355
6283
8426
3167
312
9408
