199
1525
5180
4331
7630
5594
133
1310
729
4684
393
8674
5185
8855
9902
6454
6718
5683
7637
9849
1533
7214
9221
4422
326
1153
6917
514
2942
4235
228
1507
7432
4003
9001
662
8952
3729
6585
2933
2804
302
9490
7870
3495
2762
388
4555
8710
3995
6282
1906
1215
3278
3959
6160
1074
5533
9882
617
5451
8676
9967
8854
7697
3861
9866
9357
2265
5645
1897
8912
1518
9290
4105
2646
5631
796
9575
4959
4456
3210
4062
8492
7007
3926
503
7512
3991
2272
5408
7660
7633
8648
7199
8853
2856
2548
6167
5894
6993
6553
4768
2561
4535
2259
4744
3031
4525
3681
7064
2065
2293
2747
2032
3217
8294
9578
5844
3789
5807
8917
4781
7847
903
6443
683
1341
1473
2436
3435
5072
3228
4234
9714
4209
6699
4107
8358
7498
8036
3916
3361
8796
8296
6297
7855
7622
3512
3376
2398
5679
7694
4890
8610
4840
4094
3059
3231
5041
1109
9160
2443
138
6070
2705
1467
1143
4744
3992
