2176
3148
4465
9658
646
2127
7816
8898
5376
3253
5754
2551
2420
6548
1471
4733
1205
6769
7587
4034
4431
6589
7413
4607
5276
7430
6362
8612
940
6481
4924
6983
2976
1600
7600
1422
8462
7052
4547
368
456
6946
7757
6412
9383
9294
1185
3075
3696
8860
6420
9352
8941
4542
6649
9407
5960
8736
6828
5633
6240
8664
5128
3291
5127
8529
4491
5803
4209
1894
7123
9560
7191
3711
9650
990
6233
5062
1991
3555
2614
9829
5486
6973
6516
5206
9948
938
9684
7074
684
1445
7623
9980
4865
7359
5305
6800
4549
2942
9975
1458
2919
8658
9079
4496
9389
4929
7276
9466
4457
9210
8388
8584
8429
4927
8138
7615
1182
5132
2710
4957
3600
9507
9305
1302
7998
3240
544
8565
