430
3779
1530
1827
7050
1985
4017
9279
7627
5919
5051
1036
2059
6352
5106
4711
6224
8299
7624
2763
9695
1368
5672
5720
7414
919
3285
3543
6350
6481
6746
6186
6462
1017
8492
2551
4518
1111
4486
3500
1004
3580
2813
9008
4509
2912
3038
3126
6491
6020
6061
799
6959
2357
9849
5564
3556
5069
4582
9584
6716
9190
7121
819
4020
3385
1017
1487
7060
3555
7624
8879
5192
212
4874
2729
1241
2639
221
1841
8978
2460
5909
1090
5934
8540
3898
2210
875
868
3353
3710
5789
2981
3647
3933
3201
2016
3535
3623
