4432
405
8106
999
7242
6550
9936
4480
257
1572
8899
8458
5060
6758
6550
6049
9993
2163
6700
1439
1584
8299
5569
7449
1721
9093
7953
9113
1303
9598
2615
7525
9931
4086
4704
8529
703
1876
3887
9807
1740
7959
242
7269
2482
5314
2377
2781
5589
6181
5287
7246
4118
286
603
1271
9429
5763
3617
3846
6491
1793
1813
201
6848
581
6776
6462
5892
8089
1660
2791
3489
2258
7919
4137
5238
2556
5526
278
8441
7042
3798
4839
5253
6826
3579
1002
4301
4661
5600
3279
1831
9358
3228
5144
1882
7237
9822
2744
5382
7715
7197
9533
9023
1761
977
2015
6406
8100
4505
9524
2455
8540
4511
5199
6738
7297
2618
1641
1845
6612
5601
181
5053
8808
389
2052
7662
7345
3186
7257
8961
8909
4167
1292
2248
256
2129
9003
2375
2990
5186
3066
9505
478
2062
1095
6351
2367
1429
1599
4306
6921
6950
7642
8841
9105
9687
1003
9112
8243
8172
1590
7979
447
6650
7504
7053
3309
6939
4966
5875
1279
4062
3440
8782
8064
2479
7613
8443
1944
4747
4747
4554
3499
4860
8384
7953
6630
1159
8055
4589
5692
4261
217
2272
7161
1381
6188
7317
8225
4860
6753
7538
9973
9585
2691
8670
7339
