2509
7875
3406
8487
4351
3256
6681
6733
513
7431
3410
1505
4350
4971
9794
7481
1205
6246
188
1550
464
8153
8481
8374
7316
439
7397
1874
1279
6219
4243
5069
2908
6635
6555
9866
4124
2670
3684
4006
5592
554
2032
8436
4640
3957
4077
3500
2563
8902
8331
3094
2811
8417
3274
2686
3930
9912
5019
9691
4486
3599
457
1731
1069
3032
383
8570
3876
2030
5382
1323
3634
6987
4820
3299
9327
6463
147
7759
7109
6437
8397
4314
3460
167
7390
2991
9898
9037
7345
154
6734
7598
5605
1704
4958
5086
9071
2490
7398
8067
8842
6024
8003
2506
5148
972
4778
3695
109
4577
2807
9550
6084
4918
7235
3858
7990
8176
6305
2891
2083
1946
4772
4985
7383
5268
6447
7780
