2126
4967
6097
5998
756
8336
2846
272
4652
4448
6127
2164
4831
2097
4652
4618
4777
2355
3317
2070
3815
9825
7201
9576
6199
7492
7475
7914
8558
1439
8743
9024
997
9161
7688
7761
4414
8994
7296
3369
4086
4341
5949
1653
8728
4547
8014
9285
347
6897
6789
1711
1725
4029
6045
1593
4492
9751
3237
4873
9512
2686
4868
8995
8152
1481
1450
3085
9273
4625
4235
3999
8747
6865
7560
2404
3021
3110
9223
5710
1793
9054
1913
7346
3997
8466
6467
1595
9566
9569
1107
5982
3644
6026
6495
7272
4972
1588
6159
9873
3073
8359
880
3856
8175
3722
5878
5514
5337
832
7379
3113
7590
9424
6646
8350
9779
7798
7806
8428
9321
7723
1008
3404
813
1909
1705
9898
9797
1432
6337
1588
4807
6668
3136
1834
4486
1749
9820
9930
4250
7094
1769
8406
1113
7524
7883
2750
8816
9784
4836
8097
6494
7009
4113
7459
948
4536
2747
5358
3365
9414
2340
5687
4060
8830
3528
2400
4967
4475
