6384
8193
6113
6377
2612
7928
6117
4617
7271
2274
6858
3291
3692
8880
7363
9699
4360
5396
9590
6973
2867
3963
9303
2167
3590
3464
4255
8519
6891
7451
4161
3290
4173
9076
7733
6045
6184
7392
9016
2563
3979
7725
339
5236
3087
4022
2283
6251
4327
5860
7450
9337
3529
5407
9512
7749
5986
9120
8583
487
5618
7471
6032
5056
3652
6387
5259
6925
7460
8772
2413
7773
8816
1175
2103
1937
761
9960
3256
5293
1594
6154
9901
8657
2420
7312
9810
4379
6268
6743
178
2116
9490
9223
5033
4706
9651
5699
5382
3907
5413
6491
4922
2026
7140
4038
228
584
2444
1016
