3926
2487
8683
5984
5661
1401
9508
706
2563
2362
1187
7648
6890
5491
7216
9697
585
7243
4550
8399
5776
5698
1180
1637
9082
5785
342
6510
965
8210
8667
5493
8173
8501
4922
1307
736
9036
539
5902
2039
9177
3278
5165
7765
5904
8241
9742
855
1324
9904
8202
2610
5881
8600
3151
4616
6459
8507
4875
9903
211
8830
5346
4059
8347
2177
2618
8919
6721
7966
8318
9948
8495
2902
7589
902
8413
2908
2310
2270
1824
9702
5043
5334
4675
6426
4399
2027
2421
4993
5493
2234
3225
6799
1236
1101
8784
8687
8195
7089
6911
6513
651
7393
1743
9080
736
1633
934
1613
1705
8545
7741
5113
1880
4794
5431
344
913
5801
3704
2130
1993
7691
1563
976
6576
4313
5628
4241
5724
4166
2246
5796
6067
9155
420
9621
662
2244
3525
793
2019
8361
6353
9661
6418
962
4004
6191
9294
5689
3257
4882
9687
4138
1897
5685
6762
1538
4681
7307
1105
9391
1851
4235
913
6869
6497
1708
2668
6270
104
4898
2853
8434
4620
7514
5744
8648
9298
613
7586
2391
3537
3223
4797
4465
7492
