4781
6165
2289
603
9701
9607
4130
4963
799
7505
6797
7610
2082
9370
4494
532
4953
2929
9800
8068
9531
9183
6161
6276
5476
4769
9272
7535
7223
9308
523
7015
8652
5560
2865
9477
256
5230
2509
6648
7918
7838
2688
1667
3346
7283
3962
7940
6269
327
3753
293
4986
1156
5250
5756
889
4116
5660
5043
8171
2695
372
9835
3956
8247
727
5847
1436
4568
982
873
2774
4217
1215
9068
3878
3764
1302
3418
3819
3069
2137
4165
4454
9166
6864
834
747
1922
2102
1247
519
5915
889
5758
7497
8912
3907
8224
4533
7678
3887
5026
9468
8161
3993
6847
2935
2063
7860
1133
7450
5550
4740
9816
3213
5104
7077
6436
7273
9693
2952
3849
2374
2294
2427
6455
7716
6450
5984
5419
855
3928
3632
8408
3371
6723
9188
8449
345
9875
2924
6252
4051
5109
1495
2336
8787
9074
1673
9971
2912
4020
3220
9660
2440
6854
6529
7123
3131
109
4576
2345
7395
3975
8007
1747
8294
3980
