9891
1431
1761
1794
6356
1648
8716
6059
8694
9674
742
2165
2625
3494
4031
8640
8973
6858
3778
9768
3179
5206
8161
6402
9437
7711
7097
2462
9410
3514
7139
2459
4176
6316
7802
5772
7511
4254
3544
1502
4373
7073
5398
5300
423
8017
7139
4857
113
5487
6784
9548
770
8389
5752
2932
9514
4808
3405
7205
7427
952
5718
9979
629
8895
8695
4626
9217
9874
1096
1990
4106
4001
5310
6737
8538
9130
2800
3257
9817
6226
928
246
3349
7795
7598
7795
3363
3241
1138
4379
3716
7871
8155
6917
9100
8068
9956
407
5538
6695
2770
650
8464
7415
9912
7995
5537
9980
5381
4890
3004
3566
2144
629
153
9031
2074
9292
3924
8802
7692
2042
7092
977
9048
4376
5440
8522
7059
8238
2268
8033
1528
3764
1898
7253
7651
823
7711
2917
4061
979
2970
5898
5754
2069
5355
3070
6287
2203
6574
6518
2229
1464
4111
8373
9531
8070
4061
5492
1576
1246
7387
8633
5128
7252
7602
245
