4248
8854
6854
3927
191
7576
1677
3323
7434
3012
6789
1604
833
3061
8133
6076
2848
8388
6980
4801
7541
1540
9359
5309
2213
186
3516
252
9049
1921
8814
6896
7101
2394
8152
5191
5560
5252
7150
6880
2151
9946
4240
8057
6846
2129
790
6458
2630
5776
6495
6879
3873
8247
3973
8887
4359
7377
4563
5088
8430
8383
3441
9440
5996
613
9459
4751
9713
1558
5946
1175
3958
131
4614
855
5903
4142
7689
6663
6970
7234
9301
125
8170
3369
8126
9238
1451
9522
3917
5940
6646
6317
6260
3163
6593
1135
7400
9614
851
5171
5429
8995
8796
5731
3769
1097
6435
8596
9306
778
570
3952
1474
8797
4275
1917
1772
1952
2907
2937
2994
6887
1213
1606
2538
6586
475
1473
