871
6671
658
9579
157
5892
5819
3512
2086
4232
3959
7878
3519
7690
2576
7088
8530
7336
5920
1360
852
6712
1175
108
1386
7593
4466
1392
7332
2446
8210
9212
5640
5546
7360
2282
466
9905
3683
4116
8809
6279
9808
6143
2350
3113
1554
6751
2197
8070
6819
582
4155
8012
2828
4154
4513
2845
9828
4114
2848
3435
9264
9773
467
789
5410
4849
5720
8930
4129
9120
537
8480
9566
560
5876
9351
6628
3156
6470
1561
1412
8369
974
9563
8693
8773
7890
3588
441
7527
8098
8374
4413
743
735
1271
7624
5624
8716
8619
8397
3212
7166
1946
7827
5971
5905
5196
8280
9426
2786
2530
2750
2002
4079
3808
3524
3742
5224
8654
2091
690
3512
8009
3580
3491
3399
4778
1700
387
5784
2675
1299
2605
3274
5713
6179
5996
4895
9409
3082
3478
2588
8887
7399
3504
4979
5875
9186
5464
4578
6458
5609
7405
7505
8037
5062
7984
5514
7824
9488
873
1445
6514
5779
5668
7652
8477
