8316
2719
5674
746
6507
7196
6045
2809
3972
1152
4111
1020
4530
931
4186
5102
9181
8314
4878
8958
7857
8625
8657
9895
2700
9131
8402
708
6594
217
5010
7189
4552
3302
8025
1627
6561
7210
2466
1730
7364
3131
403
2347
9702
2095
5566
9905
2803
8039
8773
9892
9911
720
5129
7908
8554
2121
4663
949
368
6488
1264
6164
4156
2641
6731
9356
167
2773
2828
9150
8141
2216
9552
7022
5979
1916
854
3136
2195
9220
9101
613
8821
1281
3714
4680
5212
9810
4096
7852
4681
6972
266
808
4739
2727
5449
1594
1670
861
9229
2040
5146
7333
6661
2939
5222
7767
2305
4427
9747
3525
641
3050
4566
5736
9511
1764
6689
651
4345
5353
7914
7239
3085
4123
5337
7247
5324
2679
1337
8187
4119
7943
5197
4665
8792
1543
7992
3584
4646
1277
9050
9632
5674
9097
7167
3549
826
2418
3961
3015
5369
1895
3904
6874
8590
4899
