7534
2770
4989
2765
7617
5733
5342
4400
6553
5626
6440
8638
8395
580
9973
5091
1808
543
6790
6395
6765
7708
6949
6997
1773
4695
8992
825
2785
4157
3381
9571
4294
5605
1865
5855
2974
5485
8833
7872
7283
1195
1460
4386
8357
2494
9703
9446
6715
7163
4714
4189
8214
582
1591
2923
3686
8859
338
5291
6014
8717
9456
5779
3932
2763
7876
847
1035
3492
2930
129
3237
2610
7415
6298
9200
4562
6588
9833
7890
3172
6983
1953
2961
1123
5046
8196
9961
5380
893
626
8518
1963
1544
6603
4189
9996
8885
4872
9979
9079
4807
7433
5442
5618
3868
5874
1806
1186
4709
3316
5009
2092
8110
1811
1611
2981
5979
7767
5674
4455
3614
5626
835
3234
8231
8517
3080
1159
5678
1154
4037
702
4690
6360
6984
6747
5662
2903
3942
4839
4972
5792
2035
2252
9863
328
3706
1174
2971
5064
2078
2327
4421
4147
4033
8776
6440
679
3948
3290
9158
8644
5404
4028
6927
2261
8383
580
6573
3938
156
8515
1530
8805
3780
6236
4761
5786
9814
7981
4465
7739
5737
4951
8511
7006
2425
4798
