4827
3902
185
7995
6576
2705
9665
2606
1193
4604
8868
4027
147
5078
747
687
1495
1298
9887
3220
1791
4179
1803
879
5098
911
1155
1411
3453
6104
8618
7738
7458
2430
9966
2252
1010
3384
1229
7124
9659
3648
4883
5895
8235
2242
7298
9759
746
5700
1528
7924
7272
4208
3336
4010
4481
9863
6964
2000
6947
1778
6171
4223
1332
1666
3132
261
8851
3213
9216
8659
3781
7402
1916
2420
9995
8897
9441
7337
7326
6778
9792
8069
7279
4570
1407
1059
6874
3753
220
8724
5308
7461
9737
8080
8180
5996
7852
471
5341
6347
572
7736
4393
6536
2305
2904
6590
2179
662
7462
448
4359
7812
3014
286
4036
9391
318
