9281
8923
7759
7694
3043
6167
1024
9796
302
1427
8685
2267
7258
1206
5960
3230
4848
5903
9980
5584
1580
4085
7464
2602
3955
9977
1552
4425
5223
2308
1030
1348
8066
8289
6242
9818
2860
8058
5588
1222
948
7140
9510
593
791
6483
2954
2514
3251
3682
9223
544
5146
1572
2859
493
9938
6337
921
4559
8332
4779
5549
9518
5882
3302
2553
3755
8584
4735
1194
5305
3733
2392
5810
7918
3847
5556
2807
1105
4581
3583
1591
2025
9199
6514
782
8180
9408
6694
263
2064
7578
9072
6115
8225
2107
5932
3979
9704
2458
7111
5671
5181
2353
6345
5700
2924
1170
1327
3446
5569
5152
8932
6056
8708
511
9115
5566
7602
5996
6247
4830
2824
6689
6776
1335
4139
5225
5280
5054
7941
5670
9974
2481
9471
499
401
7584
4286
5508
6272
8897
9235
8488
9233
5346
138
931
9383
223
6420
436
5805
5225
4598
863
1153
618
7118
8931
9808
2822
6273
9834
5305
9769
2317
7671
9188
8069
6282
4945
5212
8759
4768
4164
4494
692
3346
