8827
122
8863
8932
6236
6144
4630
1071
699
1794
3276
8877
4787
9615
4905
5007
7945
5079
830
9297
5269
3035
5134
4227
4920
4541
355
3834
3727
3770
6123
6971
8573
7332
2593
9971
6706
642
3661
9103
4999
6654
2943
1133
7237
809
6611
4475
7606
3532
5645
2314
214
7030
3480
4714
6544
351
3392
615
9822
387
2105
2305
1104
3296
4493
3897
890
5503
8075
2448
4253
9263
7040
3296
5085
4902
1450
2853
7836
4398
5268
8401
8688
937
8818
1747
7444
1769
8309
5161
1490
4144
1255
5691
2351
3905
2814
9030
8331
430
2647
1404
9336
1399
7314
8844
8775
1909
4695
4922
2368
5287
7821
4882
8968
9343
5858
7902
1100
735
205
5923
6035
2345
1792
7830
2534
2658
7118
1173
373
9572
322
5563
6970
7211
2699
4464
3671
7790
9022
9044
9138
4937
7963
121
887
9281
7753
3455
346
6570
1320
6239
1682
1821
5914
9521
3179
8402
8544
1654
4755
9504
7444
7601
507
6383
