6949
5015
3629
5740
7547
4601
6966
9263
2150
5375
7613
7906
6716
7360
6475
865
6673
3519
2744
8762
5762
3192
6156
5591
4151
8175
4683
751
546
6974
5524
7543
6294
9381
4507
2675
3898
3368
504
8768
3186
1830
9903
1323
3842
9195
8302
7411
598
8297
4147
5908
3355
2558
6778
3164
9376
8730
4493
1844
2028
9324
7521
9235
9519
6065
301
3567
7050
8895
8731
2513
6963
2356
6646
4589
9842
754
2963
6116
4788
9574
4798
2519
2185
973
7153
1161
1918
1670
433
2204
3568
8159
7351
4091
3429
3389
1587
2769
