3299
8566
8453
3462
1529
514
5303
3263
8932
8813
8033
1600
9358
5996
4873
9808
8422
2659
5139
4174
581
2102
9618
650
3621
4723
4493
4448
8413
739
4277
741
1353
3579
8678
643
1783
6202
8611
1773
2698
7941
8027
7057
2028
3273
1324
4236
1583
8617
962
4293
4685
1870
4962
651
5001
8497
9740
1690
9448
2473
5595
1391
6666
2159
5973
5493
8641
6807
7211
742
8872
3661
5020
3900
4315
6040
8867
8818
2413
7449
4004
9634
9333
833
2639
8572
4275
8510
7687
705
1209
6217
5112
8544
6101
7204
5751
5069
7492
6676
1875
1505
6356
1699
8768
7327
2484
2751
6677
6903
5778
1979
5780
1844
3083
7852
402
1231
