753
1146
2681
767
6102
3365
1229
1490
5808
3427
2700
9566
3309
2471
628
4919
8683
4421
3715
9019
1865
8272
4669
1637
6127
6826
7752
6359
1920
1986
3774
5160
8979
1017
6695
8775
4351
505
8185
7289
4357
3816
7712
7701
3570
2491
1895
7564
7331
3894
6706
3884
1654
801
4357
6243
7569
9974
6242
7414
278
6890
8320
1806
2126
5555
515
7475
9159
783
6188
9232
3377
3306
1477
234
1427
6055
2740
1470
235
7487
2151
9905
6035
4688
9265
7236
3273
506
1766
1902
7014
3892
9428
9003
153
7937
680
3056
8916
7112
9129
6914
5766
5987
609
9629
5230
9403
5923
5197
4939
1693
6268
590
8174
8260
4850
4723
5318
9978
9043
2291
7703
158
4797
5590
9435
9435
3643
5324
9959
4583
9751
2857
2086
8268
5337
5657
