6149
3259
9917
2799
6027
3895
1113
2146
1574
1112
6333
8622
3957
4985
2962
1538
3797
1413
133
5679
1647
4990
4208
116
905
8368
3201
6968
4549
7394
4039
7013
1919
8972
179
2307
3126
9982
1526
1185
9338
9617
8564
1570
5767
3986
5507
1392
5215
7180
3202
8094
5650
3813
7665
3602
5398
7138
2503
7967
8163
1759
3975
1769
7261
6060
6220
649
4355
1674
9221
6060
5792
7236
8619
4382
9839
6487
2721
3838
539
1993
1790
2503
3465
3657
4334
2824
851
6780
1978
7839
980
470
3241
4830
4711
3301
6665
9582
2760
275
1923
8993
8402
5472
863
4750
1887
5669
6766
8035
915
8541
397
5459
394
4874
9858
1560
8406
1935
6840
436
7273
5282
9898
1230
7598
8197
