5633
7213
4203
1313
755
7191
2405
7416
389
2325
209
5874
3748
9016
8932
3800
2254
5376
9535
4133
3897
6263
6269
1265
4272
6966
7356
6086
2925
2371
2607
4534
1249
3342
8945
867
282
5016
1489
5992
6079
4929
7262
7285
6271
447
209
3382
6950
6656
3862
4229
6464
397
1738
6536
8858
6585
6724
3641
656
3229
6569
8146
9281
9632
315
2431
1460
7575
5136
2326
6475
4034
5780
7146
5630
226
1476
5606
4721
8889
1665
3628
5831
8422
8139
9902
9660
8356
7198
6336
5166
5387
959
7651
3957
746
7987
330
5330
319
3679
5420
247
6565
8712
2000
6667
6072
4526
2735
405
5892
1293
9090
4736
7351
6532
1296
6120
6727
3504
8805
7320
7849
775
5990
814
1195
9618
7388
7072
177
2181
2572
1530
3092
9854
7780
