7108
4855
2664
5763
5209
5449
1791
5186
7191
6485
2845
1183
3862
4862
5020
1673
8017
8035
3134
5329
7237
9468
9182
3186
4588
8581
820
1170
2992
4232
4002
1362
6823
891
8198
8755
6525
5782
8287
4387
4938
3811
1555
7552
1969
5668
1037
4904
7269
1599
926
8470
4944
5946
4949
9202
2228
5394
7090
1285
2716
218
2145
1270
9369
6855
4435
7691
7864
2500
5666
3760
3378
4814
797
1040
5394
7902
3251
4616
780
5599
3448
5972
627
3699
2603
4636
9386
2082
3986
9177
8492
4409
3118
1838
4799
3490
1481
6537
3241
1364
8125
5298
6091
3271
3891
9829
7675
9273
2004
5373
9862
5897
540
5693
6877
3388
8211
2446
9044
4971
3222
7611
9185
2414
3653
1501
7676
5262
2735
2072
3841
371
8061
4092
6035
5831
6868
9934
9106
4831
5043
3488
6926
1096
8545
9042
2658
6827
2630
8388
9007
3859
7920
9991
8035
7889
2969
7915
225
7455
9214
8035
6128
9478
6719
6350
5093
7713
