1022
7003
576
6063
1771
376
403
3715
4495
1057
5492
2037
4525
5000
7058
4382
4951
5847
4191
6747
495
4310
7001
8341
1638
7024
4869
7025
909
724
2011
5425
9703
3509
9348
6029
2138
4955
4251
6410
9312
6891
247
8601
104
9787
2649
582
3404
3377
9460
1104
9250
8431
3096
7220
8713
2914
1677
606
3003
7241
370
2705
1659
6072
2904
2686
3660
8090
103
4066
2780
1690
8496
8111
5297
9283
3379
9524
4331
5129
572
3943
324
922
8496
8187
7900
1171
9483
2327
2085
3786
4932
3848
281
7819
7785
2890
602
9702
5795
3094
6570
3456
3841
7166
5211
4171
2816
5341
1419
1896
1255
5905
3235
6796
2307
1498
5983
9571
770
7645
603
2053
4452
7070
2745
7215
