6125
5295
528
4597
2479
4887
5772
1025
1562
5206
5546
6136
7708
5074
7543
391
7309
3583
5354
593
8802
1862
1715
926
9724
8084
4439
895
4873
1891
3798
8471
8913
2204
1696
2395
9612
7612
1799
4854
8283
564
9404
2417
1429
7206
4290
4104
3432
8233
1000
987
1469
5318
209
9546
6248
398
9860
9823
7536
2022
8106
6319
644
2679
3299
9324
1585
8909
9611
6358
4646
6761
1159
1021
459
9847
3337
302
6111
2393
7733
7180
8742
109
5322
2532
5857
7183
7004
5677
781
5589
1374
6733
3175
3057
1322
4331
5669
3888
8077
5817
2284
153
2467
3129
7123
5179
6365
7404
6792
1338
8216
1268
7341
7223
9937
5129
3540
2756
8267
8672
8429
9015
6220
7498
6163
8104
