7019
4112
8459
215
430
9253
8876
4518
569
2660
3929
6517
6919
8426
9872
6535
9873
7390
4023
1348
8953
7504
5719
6027
3486
4301
6432
9089
8861
7372
4313
8017
7325
4218
5645
9615
2535
2441
5598
8815
6216
2669
7258
237
228
8091
7447
7234
5919
3240
5001
5733
7345
5751
4305
2578
9658
2195
2236
399
8230
8611
8381
3448
2928
6814
7265
4325
4388
6234
8738
4694
7254
9634
4825
341
2254
5112
9738
1555
3721
8667
9147
9860
2024
9577
719
5555
4523
8681
1981
3934
9101
5505
1644
4652
8324
5984
6428
6385
4486
731
559
1564
5280
6154
2013
4467
1815
9988
7210
866
165
7805
6886
252
4831
8116
8990
7996
3738
3128
873
2039
4427
1857
3744
8359
4165
8687
9735
3210
1301
572
7171
872
7909
8783
854
5704
