3729
2364
6767
6620
2645
755
6047
4180
6837
9227
1589
4331
5381
1729
1235
6898
8815
1794
5853
8479
850
5447
5375
7364
680
3168
1518
2665
1048
7430
6810
271
7352
1930
7332
832
9553
5149
536
5816
9672
1536
1355
9427
9684
9232
9270
494
8503
7522
5392
170
3278
7487
9696
327
3270
5782
639
173
8050
5755
3120
6495
9751
6055
9815
9779
720
283
3573
9008
2638
1358
6348
1794
7408
1873
8709
5494
8468
6972
525
9590
6826
7926
2018
1368
5227
4778
2344
3569
3418
4591
5967
8184
5261
4860
2868
8528
1000
3619
2601
8034
4585
5271
8124
483
750
8470
1205
2543
7418
8407
4829
6130
3343
7464
8868
5229
4428
1484
5367
9791
7267
4655
6051
5193
9654
5366
8887
8725
6778
1325
865
5708
6535
8357
6772
1550
3607
2461
6363
5133
8388
8900
1099
1619
4400
9226
3502
7333
3469
8614
709
9221
4250
3052
7004
8795
5966
8199
6982
2447
5051
4644
834
6634
6196
7847
