4580
2568
2264
3020
8389
6361
3525
4366
2949
5839
4557
4367
8207
5143
6482
531
1218
8323
9767
2897
8461
7560
2103
3380
2847
2690
8917
9960
8079
6920
3763
8656
8027
447
8999
4488
9582
4507
9320
1320
9442
9076
510
4629
1460
1453
8461
5624
8404
3818
4132
4900
6815
6465
3169
2754
9350
8964
8139
7157
9889
2984
7935
9206
5013
195
2094
310
4171
9309
1495
3542
6924
8155
7731
3909
806
4346
6432
7527
1037
1053
3140
1099
1888
8251
3118
5511
8267
5233
6690
4227
6176
5789
3096
8303
7083
7633
797
8937
2679
4142
6982
2681
9315
7763
3732
4445
9806
6522
6557
4803
5075
3475
6040
6730
885
272
1294
7015
880
2754
7193
1576
5382
8846
131
2007
3705
8348
7147
2865
7218
8631
7784
2681
9349
6234
5740
8857
7332
906
1375
8714
660
5580
7084
4747
7737
9723
