6227
9910
4096
2197
8918
9870
9906
1404
3987
2633
9432
4262
3737
4643
3288
9164
6696
7346
3346
5724
1529
3117
8389
4840
7892
3179
5397
4864
1657
914
8649
341
4364
7727
2258
7248
2882
7125
8471
7211
7509
2228
9772
8967
6335
7349
3383
7850
7286
4609
9587
679
635
9654
2080
6290
7594
4096
5956
8796
7002
2744
2282
887
8520
7277
4429
585
6512
5045
2476
7844
1431
1916
783
3851
1915
4919
2852
6100
9770
8297
5777
4752
5609
446
6085
6552
9485
5243
7423
6279
5288
1079
9331
2401
1650
7603
5474
2624
1845
867
9939
1741
3665
7744
1444
2059
7820
6183
468
3410
4484
2323
7936
7888
2689
3989
2081
2338
7033
8232
7029
6018
6540
1123
255
1443
2224
3325
9193
1005
8277
425
1025
3166
7432
397
1534
7879
7727
2276
7163
7276
5276
4133
6743
8555
9749
2198
6356
591
4178
2670
9558
3564
3710
869
8519
6863
9364
3595
7198
4246
4944
5533
9711
8603
1866
8112
4042
4380
2543
162
6020
6663
786
9993
1551
8284
