1930
7126
7052
4569
7984
4935
3679
5339
3213
1221
4083
7883
4854
6486
7346
6278
4348
7026
7588
6532
3026
9249
8971
1180
3382
1691
7982
598
3398
6385
3862
1949
5849
5605
2478
3585
4965
1347
8395
6053
5313
5562
1305
7042
5792
1243
8299
362
3129
4300
2095
9295
5612
7809
1241
1058
127
2466
4316
9169
7503
4490
2990
7846
2933
5803
8165
2350
9386
6558
8196
2504
4087
9870
2725
2330
3755
3381
8408
7295
6788
3622
7981
7115
4760
9989
3353
7033
6077
2675
8820
8792
2090
3165
530
5124
2099
1545
4252
6141
5786
2571
7795
3318
4851
1702
5872
6720
5670
7770
6453
2701
482
405
5773
5284
5076
5241
4748
9986
6454
1764
107
2511
2899
7403
2149
1186
9811
1778
7007
2056
7416
4238
8475
6660
6007
6671
7050
9690
8224
5652
4419
970
208
683
8234
247
5937
4648
4070
5902
4788
8126
2570
6824
3816
9881
1388
5091
3874
3281
3841
1061
3309
3868
1835
1357
5723
9097
8063
708
1775
7724
763
2824
8465
7685
3383
2230
4720
8029
9034
2786
932
3672
2677
5851
8394
9882
