3653
867
3767
3856
5162
810
9858
1443
8168
102
6317
5775
9303
6744
5905
1784
1661
9482
8328
1170
8411
7364
9659
2549
7137
6477
4027
9340
980
2604
3137
1406
7410
3292
7144
3795
4810
4842
3372
4596
2756
4214
3886
9465
7997
9965
8897
3444
9835
8069
9012
3261
3484
623
1276
5897
134
7606
4075
3591
4477
252
9346
3403
5108
366
6455
3645
1731
1472
2474
6501
6669
3809
9608
6046
2350
5461
4799
3357
4326
2130
7169
2506
8997
7877
4852
3345
9452
8116
1391
2046
8665
9966
7842
9420
8718
1511
9268
1158
1447
594
6188
3224
5994
7498
3552
3566
7342
6882
4031
9882
1880
7990
9675
7531
3215
8750
6250
1504
1377
1896
4540
2917
2197
1149
2579
8498
3825
7036
6029
4519
146
8420
4256
8390
8323
990
1315
3859
8518
3987
8802
5473
6875
7508
6049
4019
442
4635
5157
260
7132
1175
924
3797
4905
5305
4510
4537
8119
1869
5420
4522
6519
5689
4624
3518
4602
899
