8916
7838
444
4742
8618
4608
5146
229
2023
7755
3929
6389
7739
5370
8993
829
7101
4244
5275
130
8860
8275
7764
3360
7636
4665
1013
2837
8988
888
4516
7741
7972
6952
3267
3471
6411
4412
5859
5519
7214
3900
2160
3233
5221
492
378
5758
4553
7964
9684
3423
9308
1466
3837
6201
3427
1212
4005
8546
2786
998
2479
2758
2220
6450
532
1558
8899
9552
7269
7718
2342
1975
2703
2466
2753
5809
302
7277
9589
4614
4052
8630
4346
5097
4977
3317
6215
7929
1027
7391
9535
9543
9678
4808
4945
4766
7326
7771
9842
4805
6233
2041
3616
5395
1151
5385
6129
1112
9004
7702
4421
4299
1527
9604
4522
3527
3439
5347
