5678
9582
6500
579
7888
2061
7637
2697
6663
8006
7664
9934
2377
7279
7617
4580
3725
1713
7175
5076
2438
6408
767
7945
9758
5351
9684
9949
4374
1198
9012
673
2082
327
3111
3910
7531
9903
1273
4864
5611
5879
1453
2736
4324
494
1873
7802
374
7775
8670
1669
4007
8018
2341
4644
4344
770
2269
2830
9902
1787
5190
7876
7986
9462
6669
3123
7554
8588
9616
4998
8053
2362
4204
9945
6853
5641
5936
3043
9918
7456
957
9180
4177
5328
9549
7666
236
7025
9257
2846
2770
6796
7805
5107
8362
6798
9380
7944
2206
7557
3559
7806
7103
7088
7274
8106
2348
722
5419
2705
2333
581
3612
1722
8308
2596
7604
4169
2126
1514
1852
3315
5088
6408
6150
3626
7095
230
4683
7344
7355
3796
2217
3139
9483
7323
4297
387
8823
2176
1496
7853
8404
1026
4384
9531
1375
9028
9861
9196
8014
4881
4841
5916
1924
621
3734
5615
8670
1269
8315
8903
7524
1092
6458
5277
4220
1373
8381
5858
2027
5872
2354
2367
3270
4436
9077
580
8595
5828
9411
7607
1286
4431
2072
9085
2424
2218
247
2157
3893
4823
703
2194
3355
7908
7108
9321
