495
249
5043
406
4019
5573
1443
4823
2950
4443
2952
6097
2624
9787
1388
946
3665
1088
5040
7683
924
3777
2486
4903
8745
2006
1777
6109
4575
6718
9810
4432
1252
3997
7716
4320
3865
9502
5137
9661
2622
706
9559
8686
9906
9643
1610
9490
2085
8280
3874
8622
2876
7920
8092
8647
8007
9130
1642
4975
2163
2764
6975
5338
6029
307
4645
7285
3341
5550
4104
7193
7797
2509
4371
1037
2771
3163
8475
1072
7399
6046
6672
3695
9924
6509
9532
1077
7300
1437
5650
2766
4094
2726
1786
5649
9613
5445
7242
6759
8302
1868
9406
7035
687
3534
2121
9790
7088
9870
5232
4009
5424
8999
6446
3353
2650
9026
1656
4434
923
3290
5391
4082
9057
5457
7427
417
2497
2361
9457
8229
1238
2539
8403
4555
5789
4438
776
8797
1179
3758
3221
1868
6716
6843
5072
118
1361
2262
5523
1727
2886
4502
7044
7557
1530
6995
6379
2020
