1435
2315
786
5041
2145
1794
4307
3361
784
7986
7317
3379
5256
494
6486
9498
3165
6625
4007
5725
9079
4926
4537
4486
5766
7247
4521
832
7369
7667
3055
7601
7144
9831
8881
5757
3174
8785
1994
7267
773
8671
9542
8270
3031
2766
2325
7018
8014
6403
6748
1830
2773
8043
7187
6022
1005
7468
5206
3294
9006
1826
4420
6351
4905
5252
2147
6527
932
9666
6049
7652
9575
9630
3989
1048
3925
9316
3271
9098
6946
583
9515
5499
6617
4686
2817
5255
7968
4807
7814
891
7534
160
2460
4069
8283
1552
6377
8974
7271
4360
216
9419
8405
295
966
9718
9683
2867
8162
5641
3701
4377
3737
4132
7010
5864
9834
845
