2669
3163
665
2647
4336
5543
9579
1090
9761
7141
8433
8106
6074
3297
5478
6281
3251
1832
9527
5231
8460
4447
9494
6888
4755
9251
8572
3711
5444
6132
2320
9414
5095
710
754
7332
9800
8110
3023
9407
4074
6033
5172
9685
4131
2505
9773
7170
7676
8966
8019
3686
4872
6963
4506
6638
5599
3706
1065
5122
3828
8405
8328
2362
5852
1039
2695
2828
2515
7389
1838
9353
1614
1815
515
2491
1898
8599
1002
7267
4245
5827
4345
788
9369
1377
6588
1894
6251
2520
9146
6552
1583
3915
5706
3413
6706
6287
4317
761
5333
2342
6628
9596
5363
4434
8899
5182
6536
2552
8007
6452
5232
5777
3727
6210
8933
666
5631
4884
