3353
9086
5265
1051
1715
9895
7054
8574
2489
2437
3576
9629
8502
5902
8929
1530
2610
5708
881
2949
4861
6321
8196
4350
2962
3978
2108
3152
6994
1041
6301
3739
1409
5689
6348
3147
9779
8184
5006
8813
6365
1684
6955
3041
8988
9582
9668
1908
9503
205
2493
6505
7028
7391
8486
9776
3227
6083
3639
3009
7808
6544
1889
2265
6094
3949
5229
1667
7150
3651
4693
6409
527
1539
5468
5359
4513
4072
1851
5889
4632
6551
2179
956
8015
8200
2776
9649
9574
1342
8243
5383
7105
8212
5870
7133
1463
9715
402
130
1654
1267
2053
1110
7046
7341
9882
3138
377
4217
8292
2483
3655
2048
2176
2279
8484
4582
1108
6558
6310
3649
2166
7599
1798
5941
8775
563
5928
9072
8664
7153
3689
1121
4738
8651
6877
6876
4423
6832
2441
1117
9278
5228
6583
1921
3131
7309
1415
1438
8332
8013
2304
1268
7069
9468
9705
3470
7319
2133
5387
1247
9516
1946
9822
3585
4553
9003
8557
6469
8563
1715
5855
4446
128
5845
2171
7008
2752
7960
4236
3022
6156
8206
928
1651
6851
8231
2222
4120
5066
9227
7602
5797
2393
2633
1317
6750
5944
5824
