5710
8969
238
4565
1023
6967
2938
3395
162
5116
5692
2441
6456
1912
1618
3633
3401
4753
5292
703
4514
5100
8859
4418
8208
5717
4547
2053
7816
7290
4301
7925
3005
6323
373
9767
7256
7230
9892
9135
6677
3679
8228
202
6369
1276
4406
7531
6259
3988
8043
9209
8757
9442
2240
3712
8738
7678
6517
2705
1019
2623
4231
7256
1299
2551
3382
912
9653
8382
7731
9046
7152
6343
9861
7839
343
5191
720
6579
8780
9722
3338
4148
6451
5583
2827
9728
1767
2044
9382
8792
893
9405
7934
9820
7101
416
5618
1781
6447
7619
9697
9223
397
5872
6732
8183
1092
5426
9819
4453
5484
4649
8907
7278
3201
7634
5776
1899
9935
5924
6661
664
7349
8769
9608
6914
5820
1802
