7778
2429
3551
3484
6298
9798
4132
9962
7632
5107
9233
7614
934
9839
811
6614
383
6509
772
512
7848
7327
2544
2331
8109
3564
7220
4367
9118
9058
5081
9599
6549
6047
8135
868
5870
3340
5215
6472
4650
344
4270
4708
7392
5699
2533
1472
3982
5953
4747
8486
793
3032
4558
1622
2000
1631
9206
685
8923
9202
9279
6655
6442
6640
4420
2641
4815
4087
8477
147
6380
3937
1029
5340
8562
8809
5544
836
5306
5653
4575
5061
2913
4879
500
5625
4182
4027
3460
7063
276
9031
4127
6601
3325
3045
3838
3915
7806
158
4260
4690
8188
1042
4331
9931
1229
9925
330
8387
4113
769
5452
7787
7453
8301
3673
8509
