780
1725
7074
3644
1302
3508
153
9149
5172
4959
8330
3511
4506
5565
5753
3369
3785
9388
7374
9194
4391
4774
5028
7622
4255
3178
7145
201
8557
5442
1435
9504
9695
6659
572
8879
1037
9238
3866
6633
3928
5520
4694
7986
371
9381
3895
8175
5344
3837
7895
1134
561
3887
5979
1003
3184
1517
3456
3169
407
2305
7461
6424
7037
7434
5258
3505
6654
573
1146
8685
524
3184
6426
9375
1383
9433
3404
6315
6664
5017
6134
5264
3961
9153
281
1299
6313
4822
3704
2978
4662
1955
4195
8801
9252
8482
8996
8812
5398
8491
5549
3502
6532
2720
4108
6504
113
4477
2858
5134
2815
4073
605
4521
7104
1151
2337
2217
2130
1429
6870
3523
1456
1426
4159
4124
1071
4170
4652
1229
4411
5279
480
1288
886
2892
2873
8835
1058
3552
6207
5576
9943
4284
1272
4094
9035
9144
7640
825
540
2126
8589
9257
8475
6761
9187
9108
9906
2739
1035
951
7688
8645
6780
5045
6579
3878
1507
5190
1256
3005
704
4537
4787
7240
2411
4440
4594
5712
7353
7087
6246
1576
1636
4958
9813
464
2984
2656
919
9113
651
8699
734
1864
6890
1805
