8549
6258
5918
2197
3183
4111
4849
5075
3875
340
1989
9818
5796
9941
3092
4861
755
1765
8618
8411
3706
9773
6687
5271
9640
4378
7182
2661
1792
9693
8579
1782
4764
7670
9751
2395
2520
7295
2834
5960
8111
4271
5641
9803
7725
403
8882
480
2200
3263
9904
4427
2484
4017
7915
6809
8586
2984
8845
5909
9980
4206
5758
5793
4583
5001
8584
3064
5761
2127
1389
5953
8612
8895
5650
1966
9986
3068
7666
8262
4073
2180
589
7409
4900
7674
3179
3687
428
9161
4811
322
8707
8033
633
855
5954
5408
4391
8385
9731
695
5837
3808
3223
6339
7035
6068
9006
4401
8899
2675
1707
7665
8410
4145
353
6760
4964
2008
9475
103
986
5950
7942
1100
2246
1459
9431
7307
