600
8688
9675
4013
5822
5690
7257
5010
3654
3275
9332
8560
6047
8204
9964
2449
8408
3910
7912
3622
1482
6602
5453
8892
2957
8398
3750
374
7287
4598
9482
1048
9019
1047
1689
5504
7774
9217
2056
5224
4687
8973
9664
8380
278
6464
7218
4224
7070
5799
4543
3194
4370
1260
2178
5290
6382
683
9878
9903
3048
1164
5957
2051
1789
7477
9837
2157
9589
9477
9343
496
770
9706
4165
4299
8167
910
9783
4626
5078
8128
9702
2919
8603
7180
5659
2194
1045
820
5073
6065
9627
303
1781
9285
761
3088
3660
4157
4942
1785
9387
4083
3584
7840
7488
1495
2718
6824
2303
5359
9489
5871
5230
2495
5799
5655
3451
4428
