4992
6572
3203
3704
4391
3112
1046
8510
7573
4685
2610
9664
6402
5565
9917
262
7412
135
7660
2166
1465
2095
1424
2404
6924
2775
6261
119
5680
4519
7606
6341
6680
5465
5727
5028
1612
9147
6128
1367
4261
1910
5454
7710
1762
9606
2212
6870
9685
3494
3666
4827
6935
3421
5732
1242
4966
5110
2137
2423
7630
407
4085
9727
6238
9071
2733
3319
753
3123
6730
1047
9739
2449
5802
4422
4760
769
4851
8145
9936
4026
7900
8006
9722
5406
7398
1351
9870
8061
4404
5250
612
3162
9115
7698
6582
4863
3366
1770
6746
6263
6087
8404
8086
1034
171
4216
7298
8376
3320
8332
9015
7291
7259
7977
2216
3802
4506
4551
968
7132
531
2353
4874
528
1501
4362
9103
9650
9108
269
6878
5524
9288
2282
8357
2385
9333
4670
6951
8237
8085
9288
625
921
9656
2175
2217
8096
8587
6357
1686
767
5931
7970
4460
9022
5992
4399
2205
6572
7233
6473
7550
7696
2406
1355
417
4401
