1062
9196
7695
3846
3527
8935
1071
9683
5061
564
766
1240
7952
1533
3486
6830
4602
2214
5635
2770
6970
9211
572
4035
2108
9276
3041
3130
9710
8514
7777
7994
7509
6753
9700
1015
9130
5299
3535
3746
8776
1262
4785
6867
2626
9026
2585
2233
9357
7024
8980
920
8357
6796
8951
4105
2590
530
8591
1866
8602
8044
657
2652
1497
4842
6567
3315
3627
3134
1061
3818
7710
3372
2403
8827
876
3032
2378
7531
376
2552
1334
5818
424
1166
3728
7514
4725
7787
819
276
5736
3955
8402
3612
2991
270
6541
2074
7371
1210
6826
6992
5251
7301
7940
5589
6482
3059
8662
2287
2871
8238
2733
4238
9057
525
2146
6494
2754
8024
830
4439
7620
7067
6575
6683
9064
7581
8922
448
4360
6127
5458
6609
4410
5579
4879
7118
8145
2513
3737
1003
4572
4729
6536
1690
1211
9349
