3348
6603
9040
6741
6693
5234
2931
6261
4416
1611
9770
1770
2034
7182
7658
6020
1793
9086
993
1840
8493
7576
5227
3934
7012
9639
4106
3272
4580
9761
3978
1257
1951
786
706
5647
8611
7861
8407
2087
3717
2408
3445
3400
1363
7172
5996
3892
7536
4380
6356
2281
6868
2469
7508
6408
9972
2888
1621
4118
7631
6531
4518
1020
3372
9142
8488
4755
3647
6601
1534
7869
3117
2559
3383
5276
2535
3027
4776
3742
1916
8447
7358
2280
7828
8224
5639
3318
9983
4981
7634
7066
8678
5514
1039
7572
6040
7746
3522
7763
2833
1668
3891
4607
6863
9572
995
9193
3879
9473
1343
1807
4348
932
8999
4776
7660
7847
3185
9972
4816
3096
2672
613
8449
4676
3592
6771
143
3865
