5525
1352
9409
2741
9078
2150
1910
8085
3584
8839
2690
3372
4160
7119
3537
2440
9642
1487
3800
1568
6358
5030
3551
8362
667
8079
5718
2025
9511
9389
7454
3697
1094
2576
3330
1645
6664
7889
2119
8377
9337
5027
4048
6037
8898
1977
7193
9679
2887
5410
3045
6181
967
4551
5599
4813
6500
290
3716
9391
8949
892
5818
8210
3197
3299
6632
2713
3421
2954
4757
674
821
1206
8206
7856
7386
1802
4003
5800
2563
9433
3142
9127
7198
5249
6465
3024
8795
2892
7144
2159
1399
9078
8836
8681
1166
8445
6894
2706
5264
8785
5616
8952
5704
5512
4218
1264
1766
4577
