1565
7283
2539
3089
580
4840
3905
1812
8795
1025
6939
5685
9655
5936
8199
7013
7464
1093
6639
5258
2780
713
6009
9482
7382
783
4479
9685
6770
3860
8316
9129
5491
3789
4299
9497
9874
2938
5235
1702
3008
9985
4672
6114
5431
3918
135
3536
8168
8569
8529
1120
2502
3603
1837
2410
6759
239
8360
1756
4407
7026
797
7188
2176
9431
5149
4455
7193
1395
6416
6562
1445
7905
6536
3876
9392
5963
9363
4780
8566
537
2427
2277
1186
2989
245
2145
2726
794
6039
852
293
5115
2630
6206
1076
9056
2934
8702
1778
4169
6151
6406
7401
4943
1587
7895
1195
1061
