4072
9813
3280
3779
8048
2293
4370
7586
4390
5792
2189
9056
1823
9620
8813
3007
8686
1955
1802
6352
1008
7454
8522
3951
5933
7748
2695
3895
2925
4701
8505
5961
8074
6837
2849
5419
1272
2698
2254
5374
3139
7565
5526
6221
413
285
7155
6832
3192
6716
5170
4875
7057
4912
4832
3816
3268
1191
3269
121
5744
1372
3533
4344
2588
8014
281
3780
9556
5714
3615
6439
3294
7758
7616
7568
4296
9986
2311
7781
6746
336
4208
9940
1089
9516
6008
2280
3500
4479
3296
7982
2739
1436
7486
2966
3819
2878
7566
9717
2627
3684
2910
2112
1846
8010
1239
4392
1351
9709
5711
5054
1506
7317
6676
7862
7676
3496
2517
4556
5856
1102
9882
2032
8543
3696
3261
8814
8528
4471
1824
8126
7083
1875
3069
5526
5650
5576
6459
3278
5887
8626
1071
840
4715
8607
4975
1062
3924
7706
4353
9737
2986
9876
5459
8224
5795
7086
1016
9392
