3292
2964
3882
9317
3055
2936
5231
4939
4319
1768
8296
7807
8904
5737
7660
3359
7960
881
3773
556
8894
8028
2813
9444
3681
1783
678
1783
6452
3328
8196
6644
2007
3194
774
1490
3405
6934
9472
2774
3820
4971
6976
1745
6775
2672
1902
9974
954
9428
3658
7493
3859
1158
1330
3181
6925
4625
876
2381
4179
438
4542
4685
5405
8277
3886
5258
7113
954
7285
2780
164
7759
2290
4477
7136
4090
9709
8760
8644
5317
7563
4592
6345
9740
2834
9243
8243
3670
2064
2682
695
8476
4199
3034
2556
6918
9769
8420
5665
2300
9877
6311
4250
8735
2492
3025
2722
6600
5241
7804
5600
7321
9746
7780
2850
3684
3188
6098
9226
4087
5586
1113
1442
1267
3168
9164
8541
2065
5028
8924
337
3511
4215
8794
7098
7970
4698
5215
2985
9789
5629
2876
1751
8984
4125
8607
3270
6142
4912
3904
552
5055
8365
1378
9896
1875
2868
5520
4320
3478
707
7856
9504
8401
8829
6400
3321
5560
7451
3540
1155
7600
5525
3186
6997
3832
3178
6740
7261
8284
2173
9870
4026
9881
2414
4532
8220
8716
