778
3891
3037
950
7431
8051
5468
6249
6233
9059
1824
7466
6183
6932
5792
3243
3236
5738
326
9124
8211
9684
5461
9305
7495
9891
2471
3517
1844
1735
3811
2554
9579
7963
1863
6451
8129
597
7665
2508
3631
8077
9705
3461
7861
6048
2624
2859
2873
4485
274
456
7156
5750
467
7247
5839
6089
8588
731
7561
7318
917
7610
1935
6797
116
8565
2670
2572
8302
2570
7744
5277
1743
963
9287
5265
2303
6190
3761
2298
5088
8065
6050
575
5467
6246
3737
4068
1651
111
9423
1252
6704
1890
9366
8033
8845
7558
2646
8651
3960
9454
4642
7193
2786
7394
5580
5338
9900
4435
1945
981
7753
6308
9223
2476
6475
8864
9665
5086
6035
7482
9598
3520
5185
1299
5136
1925
