719
2751
7349
6181
9765
7914
6423
2020
8525
6186
4413
6530
1960
7042
599
5719
675
1285
4525
4145
2058
7449
8153
711
4032
7506
8971
7548
8071
8801
2433
6395
7364
2851
1023
8070
8390
2023
5103
7468
9356
7265
4245
6631
3172
7951
2442
1466
3332
5205
1166
3134
552
1753
4737
3400
2065
7676
2122
6746
2432
2312
4203
4310
2304
4672
9349
5891
1563
2562
7897
1032
4824
2243
9406
7626
6306
3988
8972
2825
1176
3845
5301
6116
1424
5274
5410
5382
642
6188
