2878
4649
8552
6989
6649
1108
1701
5565
3193
1114
9630
1751
1921
513
747
5376
5357
4944
192
6628
9364
6470
3714
3164
8546
9996
5702
9583
7904
2001
8220
1221
4049
9226
1255
4061
9691
5069
5317
2263
8357
1128
3815
6729
3825
9792
4297
4704
7235
3512
3631
5299
2147
2040
5312
7415
8799
141
4318
4175
4978
7117
6664
2385
7753
191
7454
565
8900
7994
6518
1506
9676
5538
4656
9361
7382
7208
2678
2285
9177
3678
1166
3183
826
5219
6046
9513
9290
4713
4120
3061
7774
4552
9038
7289
441
6600
4229
5997
2064
1994
5297
9581
3551
7174
817
1351
1359
9117
9627
9767
8269
3657
1794
8722
6753
4459
3400
846
589
8892
8231
6228
8501
1005
1112
3707
2159
650
1898
8712
5608
6122
835
4094
2139
8078
9522
4158
367
9364
8847
3419
3034
6430
8759
836
9476
7541
711
9201
626
8955
2671
2594
6702
2871
8268
9833
3895
1184
2834
9864
9904
7483
2060
6579
3303
3881
