5277
8983
7792
1618
7338
9234
2518
8966
332
5584
7470
1847
4144
370
2205
3149
5028
6722
2830
393
6826
4189
4910
9643
7248
1598
7178
984
7487
8623
7071
9964
4173
9318
5234
174
6202
808
2989
1232
9424
2319
7569
7719
4744
1933
3025
1820
8047
2648
1500
8688
5339
523
6601
2522
449
2283
1477
606
2328
1141
3487
2421
3419
5754
6530
7512
1943
9432
4510
2015
1095
1078
5415
2691
5546
2686
5295
197
8017
3829
9539
4656
5042
1822
1741
1720
3635
3390
4321
9168
1238
9748
4885
3249
2562
6846
9126
2632
7005
8332
7580
3030
2225
5352
7970
9648
2116
340
