7276
5601
9490
5652
9784
2892
7303
2908
6503
7112
7624
6480
231
3254
7471
5332
3734
1567
9444
3407
5236
9250
9976
7655
6281
6502
8896
9336
8191
5910
2420
6335
6412
8758
543
8273
3086
8145
3307
3078
1872
3079
8689
7097
9090
5760
3648
6399
4869
4770
3004
7993
4595
3957
5406
4461
1525
2941
7342
2759
2061
6106
334
8965
8426
5062
3668
5365
8956
3499
4659
3696
7986
1024
6114
1019
6286
6147
9518
4701
7874
4457
534
6219
965
9962
1482
3867
7847
3855
8057
8645
648
5775
1870
6960
7213
4886
9696
5555
6005
6364
4504
6965
6319
709
7440
462
5081
5010
7952
9072
7456
6925
4139
3876
6884
536
7138
1617
