2188
2416
8476
3521
2629
4062
3208
9791
6626
2591
7137
1521
3409
6956
9556
1066
1301
7570
522
4541
4811
9068
6457
6944
5798
6658
7955
4832
4233
896
8990
6791
917
4147
1602
2272
4408
9889
6354
8031
457
4861
3939
5902
7373
1121
5353
7984
3852
8292
2065
6376
377
4715
6087
8514
6985
4214
5244
8994
4466
1027
6758
1224
4151
5909
5928
7712
1069
4880
4938
2938
649
515
6262
8882
1397
6179
660
7560
9523
1779
9414
7339
8240
3564
2893
1839
5871
7014
5336
4234
5129
7872
2230
4874
5387
6887
7981
3745
496
5453
6395
5740
9003
3685
5667
1491
6548
4633
4974
8170
3649
6716
7021
1711
8552
4520
8902
4120
1598
7374
2354
9475
8691
5809
3150
1521
8998
577
3522
8596
1153
2089
3905
8256
3656
8276
5015
3671
809
3959
1822
3062
487
3810
3221
4982
6468
1242
8511
5521
9046
7742
9851
632
3446
1274
3661
2231
7658
9222
452
8116
6022
5738
9847
9538
3802
8155
793
5751
8713
5893
547
4930
6747
2096
8932
6620
