2701
2615
1895
7884
8353
5215
8182
4948
8780
2728
7199
8488
5394
4961
2204
950
2004
2457
9993
9261
8227
8404
2020
2146
6995
790
1072
8123
4284
2073
3111
6590
9793
9094
2429
3595
9491
4086
152
9435
4461
9044
1285
4403
5623
4714
2431
1809
2364
4905
690
4290
6732
7020
7260
5210
801
1452
1265
7269
7094
5062
5296
8792
9527
8357
460
8207
4162
9838
2587
1253
3831
8013
4526
8741
9862
1249
4741
1637
6384
5079
8280
4515
428
3597
9159
7860
7130
727
1790
9878
2874
969
2177
5670
1911
3663
4765
1465
9065
7478
5657
6314
1092
4404
4506
2095
5027
5705
945
5916
1638
3620
1688
2814
1761
8292
7207
216
2989
7593
2444
923
5090
8120
3347
8866
2197
9030
5829
3065
9621
5549
3271
2732
7533
342
4792
8564
5860
7738
8460
5306
2073
4169
1347
6600
2041
703
