9956
7598
4191
1207
7509
5351
9176
7381
2391
6467
8552
5674
4182
7398
8597
5304
6804
2093
1034
4662
7285
5968
8877
2809
9338
6425
3151
6519
3764
1208
8717
6643
214
1653
7208
8080
4198
4030
5358
2523
7451
6130
7554
835
2468
7379
412
2601
5135
4816
2958
6487
9207
8134
6647
4156
5417
3104
3083
1130
7687
2398
6365
9199
2718
7066
253
4973
3581
4483
3641
6332
9017
7175
9314
4910
1074
4514
541
3527
4921
2058
6624
1904
2037
4342
1544
6040
6096
1016
9565
4710
4779
7389
4325
4494
4861
4393
8653
9821
2780
4327
5951
1521
3196
9099
6215
122
3169
5934
8531
6427
4897
3440
7302
6005
6936
4005
138
5533
7605
5856
108
7468
5299
9068
3904
1245
7987
3415
1301
6134
7624
6666
8771
7172
935
5391
2566
3367
4257
8442
7946
3788
1822
4076
583
4014
4049
3934
4499
5515
4769
6253
3497
1110
2901
6518
4705
4333
1442
9472
7486
2351
2870
239
9523
462
4388
3372
