6289
5403
373
7900
8981
9362
1133
786
5868
3135
6975
1755
6298
7545
4816
4612
1371
7175
7764
7580
4253
7023
1704
2633
5335
4413
3417
8065
8428
8943
3355
181
6756
2767
7375
2681
150
6108
4184
8042
2806
7565
3285
1876
9257
2777
5624
6858
6639
4603
836
5096
4664
1189
9563
9724
2079
822
8719
1455
4895
818
2659
6843
8804
6785
6029
4535
8518
9404
6106
301
3965
9402
4246
3885
2055
311
9183
7094
1286
6431
7364
3222
5965
3353
3145
7067
2066
6737
6918
720
5972
5183
7181
2888
5034
8043
8370
5485
