2439
5041
8720
5277
6743
8810
7262
3629
3397
303
4752
1060
5703
2812
9120
8287
942
727
5113
5145
4467
305
3094
632
1234
3126
896
401
1515
8491
2947
6862
3448
1186
5049
7011
716
3075
9582
7819
4100
6701
2116
3278
7400
5013
7707
4911
287
4377
5574
7260
6084
4907
2898
1751
927
8962
7473
2040
720
8047
5738
4900
2783
6996
5009
3831
9883
6101
811
5997
616
5799
4137
5057
5472
8705
9280
2222
5591
283
9365
4016
7941
2374
4508
3284
7241
4580
9441
4011
1350
1467
5043
6713
7092
1918
9260
7626
9370
5455
5106
5976
3990
4019
1028
6702
7664
5834
1533
126
6245
596
3461
1846
5141
3439
1793
8360
1715
1177
5119
2163
9274
2788
7531
7513
2305
2820
3861
6221
2422
8221
8504
213
8479
135
1917
6326
3015
433
7610
8829
3582
7314
9063
6702
885
453
7055
4393
7922
3725
1361
6149
9120
1534
3160
4374
