4297
2794
1498
3617
6856
819
2469
7869
5541
6488
9366
2546
5999
6196
2034
9562
4256
336
3900
2515
6040
4596
9109
873
791
7791
3568
1107
8118
223
9747
4487
4965
5786
3839
7398
9041
2424
7278
846
2023
6043
6277
384
5878
4842
4660
6948
899
2389
4338
4989
5507
6853
9844
6655
1272
287
4153
9152
5524
3338
7033
5270
6266
3706
284
5071
138
999
6393
3942
3113
2736
1101
911
1071
9272
6343
6094
4750
4597
9338
7237
5269
5317
1274
2232
2179
6526
588
5823
6530
9534
7777
514
6054
5324
2860
621
1034
3995
8675
5913
2589
231
2527
9179
4481
3191
3205
1362
1633
1707
2350
2358
4490
106
4469
2548
1788
2601
7528
4861
4556
8877
183
3563
7575
6494
5812
1890
8493
6373
5114
6216
9418
9967
956
5969
1768
3419
3017
4694
2651
7218
9947
4172
5381
2777
1935
649
136
8597
1936
5214
3687
5280
5254
3497
4717
9558
6473
2566
5105
3134
5574
5384
434
5782
6973
6012
6511
7070
685
1272
3911
3607
5013
1523
