3867
6820
9849
4856
9937
4127
5534
5071
3762
6353
7819
8286
3082
2502
8766
1892
452
7016
9847
3316
1621
1232
6232
7927
5844
5037
960
3484
8999
6003
6465
8439
2606
6187
7234
1266
4262
7026
3063
5143
901
1144
5081
3130
9767
1279
9212
8707
9386
7920
4654
5066
8025
2442
2829
3347
8514
7334
1644
4900
7429
7147
9610
7029
9470
2140
3562
6729
1950
1919
5514
9547
2909
2806
5286
7817
3960
634
827
8103
9428
6920
3669
5249
6172
398
4638
8887
3312
6665
9253
7817
6285
845
8466
3218
2642
5232
1879
5647
4527
3509
9577
9766
8666
9533
2693
3881
1502
1236
5355
9757
6962
5416
6866
7552
5550
2716
7003
9129
5790
3358
6046
7877
757
4881
4897
4103
1984
671
8895
427
9924
5061
8286
6080
9094
9119
2163
505
1654
2265
2836
476
1333
5213
6628
9055
3145
4259
5573
6314
2836
4567
4660
9260
9610
431
5958
9400
1143
7554
7814
1956
4131
3923
8719
2370
1200
9632
