251
1657
3213
5295
8227
3587
7967
7274
6958
2381
430
733
5806
2651
154
7107
3405
3083
7267
2669
3011
5429
3239
6553
3573
5083
8631
893
2493
4107
9933
2816
586
3924
9118
4494
4125
7197
2980
9609
5053
7744
3533
5194
9918
7690
5637
2484
9583
513
7241
1520
3528
8319
2411
7796
9373
5351
5728
3918
3807
4560
1614
6412
9129
4557
9728
9591
6704
9069
4642
175
5062
1258
2335
1653
5938
6864
7654
1790
6988
5694
5771
7895
2349
4281
4081
2646
9462
3152
5931
610
9207
681
352
4645
6901
5337
752
8387
9645
5797
833
3904
1199
5403
6317
4563
2307
1816
1187
8123
9901
7895
2125
5282
3404
3612
4592
4216
7586
1635
4396
799
1980
2466
7038
1189
5079
199
8721
6604
2566
2033
3367
3387
6047
1703
9066
1762
1207
5224
835
8052
7477
4337
2570
6348
5354
1001
