3976
1661
2379
9435
7160
3301
4546
4236
1259
6168
3999
9798
1553
2061
8636
3623
2123
8423
5092
1432
3669
8931
7205
2736
9925
7781
4528
9987
3198
8273
3797
9878
3040
1662
1078
6235
2723
7527
7208
5789
6672
9563
8603
8746
5362
5883
3794
6904
7098
2405
2602
8757
6772
1995
4074
308
1411
9929
3555
1070
7443
6674
4606
1494
7251
4225
5130
6965
4212
6287
5740
6564
4262
7761
2671
3990
6883
9018
902
3413
3748
2573
5648
1763
6546
4100
2106
1480
739
7621
1901
7540
6717
8106
2324
7863
8273
9573
1697
4876
2997
7321
451
3023
2454
4721
6200
3057
3965
9775
7298
2118
9719
2881
4210
5109
713
1086
3809
7762
5520
8602
5579
2520
513
1815
8945
2577
5611
4984
2361
5855
7138
3739
7499
7162
9287
1997
6847
4852
323
7745
6222
9460
3083
3424
4600
1903
674
6286
5684
7930
656
5960
4246
1341
4251
4425
9383
9412
8209
9104
4771
1688
8517
7462
560
4344
703
9326
1637
3096
747
5795
409
3455
1988
9303
6554
8957
7271
1175
4966
4441
7537
3639
5575
8838
2590
7807
