4495
4939
1083
6855
1927
5476
9230
6428
5207
4289
4981
1924
4710
7333
5060
7065
5996
6286
1361
2534
5589
892
6405
5425
2157
3859
9391
2257
5906
1897
4255
8574
9470
3582
3791
7550
9496
9130
6994
5625
6021
906
7311
525
8977
9210
8630
2129
6082
5833
1765
6328
7110
8581
4052
7900
325
6930
167
555
5039
4839
2972
5751
2677
986
8333
5416
8688
3604
2621
8740
3106
1649
5953
9835
5738
3139
6322
658
9135
1689
4616
5145
6110
1157
959
6492
5441
380
9360
1054
8301
3975
8140
5375
1769
6776
1068
8711
189
6260
6233
8108
6054
3231
3563
7809
1294
3269
6542
4498
3133
3849
8680
9631
4414
7121
9686
1340
8814
2342
968
410
1141
8122
1994
6830
6251
5785
8624
6651
4317
6493
9828
5900
261
5864
3688
7042
