5311
4203
6729
9407
1338
468
2581
3659
1919
2113
7962
9660
1029
1061
7737
4749
346
9650
3429
9665
7994
6711
332
2825
1746
5465
2779
2166
2882
6708
8714
4019
1863
4208
6837
8895
1072
9573
6027
5481
6138
8514
5313
8509
9065
7670
1062
6134
9254
7632
5718
9175
4505
5899
3363
1816
3476
8594
5993
8598
3498
5863
7389
1735
666
7592
4758
609
6235
7629
3552
9634
4940
4747
5378
7165
273
6392
5509
143
4670
332
9511
2236
5129
2427
9540
2519
9103
3045
9296
5565
6111
2799
3529
7219
4593
7167
942
5460
3035
3750
116
3999
6919
5585
8983
6197
5901
164
4806
971
5769
369
9917
2933
5667
639
454
1717
