185
8800
8870
8588
7025
4651
2634
7188
4813
6337
332
8357
5274
2630
4777
7055
310
1131
9501
2499
2155
104
8078
9307
5451
4878
2833
2863
7633
997
3615
4070
9048
3089
7886
9506
7658
9794
1866
2476
9283
8717
5873
7853
1959
2443
5641
8342
1896
1970
4795
6343
6826
6410
3026
3542
5102
5978
9326
1211
683
9907
549
4856
7444
614
2880
8701
5419
4371
8558
7811
4451
9459
4179
7851
9662
2349
5953
5315
584
4148
6161
5443
5072
5604
4123
9283
6416
6576
1858
8367
5587
762
2525
8522
3254
4698
341
8117
4252
9786
7326
5410
8505
9210
5359
4801
8023
6530
829
8809
9292
2356
5163
6437
3079
6333
2222
251
5060
3412
2320
5755
4704
2471
9692
7802
401
4442
5186
3976
2702
4257
4169
1703
7853
3725
3482
7017
8953
1401
1549
4531
8903
2852
3806
7761
2340
8648
6793
1107
2937
9669
9710
9758
4555
9973
6929
2081
3673
1158
6902
7224
6629
9828
6048
9015
5121
9421
9644
7506
6894
1762
1171
6854
2092
292
4247
3549
