6729
4589
8889
4018
594
109
694
4675
7311
779
6730
4521
6594
3167
6616
8806
1666
402
3578
6283
9222
2889
9175
2975
2675
9461
9280
2091
3669
7555
322
5116
6179
636
5757
3663
1348
562
9024
978
2621
4634
2114
5151
4316
6270
8967
1176
4255
7132
5453
4778
2865
1346
7734
7316
6200
2367
1231
8395
9833
9576
3659
7372
2491
1161
1464
6658
1627
8917
518
3455
5161
5203
1367
3691
7030
1113
9322
3393
5916
8852
6848
8321
165
981
5160
7063
9763
7197
6057
5625
312
2183
7297
8950
5144
7246
7055
2540
4860
4131
476
1720
7226
5521
4948
5658
2274
4636
5148
4740
3522
2005
9125
5927
7181
8644
4238
9271
5702
2235
3204
4131
2039
1235
8081
9913
4749
8046
9060
425
9587
1858
7390
6197
7742
6759
8191
9688
4410
4127
5184
2697
6829
5883
734
5481
526
5110
7801
8906
8783
9494
9227
6660
4115
6333
8300
8839
6984
290
9250
6684
6674
5303
2875
8239
178
6411
