7613
7794
1048
1090
6963
6233
8649
4395
4680
7760
4908
9828
7244
5796
5407
6239
7421
101
9757
9891
875
8837
2917
2288
2398
4594
1978
5872
6125
2501
4808
5757
8811
2998
5406
9936
5056
9021
6820
7354
5222
9815
6900
8212
9651
8872
7860
3019
3662
4570
2049
5160
2855
9394
8088
825
9657
8614
1805
9428
269
6149
2114
5027
1991
7589
3670
4639
1736
1527
4105
2592
9800
5065
6563
2996
1547
9173
3179
5360
9529
2441
4425
1430
6806
9722
4206
1130
7332
9648
1731
3311
2021
8728
355
482
8960
9083
426
523
6188
7651
6646
1900
6461
5032
6236
5696
1693
5542
2737
6084
365
617
7307
2995
5821
8091
5619
6495
1260
9365
9062
202
4233
9338
2591
4515
4029
2416
