7260
3319
7979
1806
7755
128
1111
7349
5623
9265
6036
7183
6285
1941
8002
6745
1206
2657
5484
2221
4939
1718
6614
1935
2607
9718
6880
6355
4551
846
4677
1265
2963
6391
2384
2424
4113
2308
9392
3950
6410
4209
3043
7124
7333
6616
9085
2162
370
8260
2986
1364
4190
5543
2062
3607
7762
9502
8006
6879
5415
6419
2819
396
5396
7422
4263
5605
1075
4742
2176
6943
7150
967
3075
8051
4010
5116
6014
4761
9918
948
6360
1473
8656
4097
9570
7051
8964
9412
6138
403
4309
326
1528
716
7459
6455
4141
8885
3048
1917
8353
1755
9208
9225
1366
6644
6453
5095
5408
4266
8160
1610
7358
4789
4138
4703
1082
2643
4026
9363
9744
9074
3180
9449
2599
8093
3322
5837
8472
9242
889
4801
1664
3187
1685
9016
9519
9835
7199
6737
1755
2209
7166
9253
6981
5097
3423
3921
1323
4420
2273
4763
4839
1326
7413
1670
6108
5730
854
1370
5838
849
3387
6772
8532
2188
5774
5783
6641
8303
5800
2116
2912
3849
8007
9229
9190
3816
