1441
613
5626
2159
6960
7296
7180
6758
2484
8202
3769
2985
2272
3415
1383
1736
1608
3843
8951
3475
1559
5552
9498
5909
9924
3792
685
5895
8523
1505
5547
5626
3254
701
6439
7331
2138
5401
8705
9366
645
7327
4059
2913
953
6866
7027
8079
4619
7786
138
7266
2425
5362
4729
3756
475
7582
9401
2571
8031
4471
8723
548
4169
4605
7362
4843
2451
1473
6735
4294
591
4921
9168
5530
1652
708
1193
6407
3056
1998
6296
6550
905
782
410
1036
3202
3232
7334
9982
3334
1625
9148
8749
9675
2689
6441
3269
979
273
9636
242
9020
7509
6205
8483
1084
7702
8688
9807
9902
1208
6577
4499
4677
5129
8065
8525
8146
4153
3434
5089
9485
8636
501
6679
7866
6512
6237
8537
5111
6068
3268
9819
6872
5430
534
1410
