9798
8450
7442
7214
634
4666
1680
4199
1836
7101
5825
5670
6631
6132
2866
9885
9885
4052
5031
2209
3199
3336
8941
8615
1689
4486
3215
2434
6388
619
8995
6518
2371
4384
9042
4585
671
7132
9176
2210
998
995
9213
3575
1193
6466
4023
276
1456
5754
2473
570
830
547
3925
8115
9775
760
5158
6015
9925
4496
3648
845
4189
743
8528
8485
8069
2603
5668
9764
8161
2160
8616
2265
8884
3699
9103
2159
3905
532
8723
7716
6848
1054
7994
5507
1574
5413
1475
7442
1274
4620
5383
4314
5591
7973
8524
251
1176
6453
537
3301
8762
203
843
2081
3358
1335
7271
3890
4953
9923
5467
7190
6294
1715
7202
2890
