559
7963
4703
9728
9283
2210
8709
8329
1100
3376
7245
1289
9222
1358
5417
7969
2741
1882
7234
3959
5969
9944
443
5535
2493
5234
7766
2505
1257
9871
8688
8078
4091
6673
9192
2300
2402
6510
4105
1798
596
9794
3167
8966
1785
3633
5874
1948
2283
7704
5833
832
5356
8687
4505
9270
3539
3379
1649
3163
8448
5283
8651
6468
3176
9968
3789
1669
3607
3069
3195
6485
7786
532
9398
1883
2176
6723
4469
1429
9098
437
7085
4699
1661
4628
2313
9900
9678
1217
2991
1777
5148
5580
9952
9587
3692
1023
2133
4599
4892
1173
7116
6716
3952
6825
4073
9018
8420
8718
4242
4723
3641
1898
4302
4452
550
1662
2293
6026
6282
5766
8780
1798
7297
4300
4747
5120
9615
5332
5636
1151
8657
243
6567
8367
7275
4792
7098
8955
380
4772
7794
7949
7061
1303
2488
9020
5583
3982
7110
518
5622
8862
3113
6159
2703
420
2358
1498
2724
2359
8893
7635
6701
2062
9879
4644
9156
5538
6988
3523
8445
2467
7891
3474
1665
8035
5097
4455
8817
9329
3430
420
8276
7149
1784
5741
680
7068
7652
5549
4580
6354
4580
3793
8994
1592
6684
5226
3157
2143
4470
9092
1773
658
2258
9626
2117
3931
2794
8433
712
3934
7199
3375
5944
6468
3428
1146
8936
5977
7290
8070
4111
5519
2977
9559
6947
6466
3669
4494
4951
4928
361
5934
9895
6232
7756
5907
571
6848
9804
9536
9640
1427
1218
1896
4570
6362
3012
7039
1977
5256
7629
7055
4644
3757
2159
8945
