2777
1224
8340
5675
6495
2510
8165
4274
5074
9328
7230
7347
1095
6329
7322
2139
1557
8890
8016
4870
4031
4165
4928
5427
4515
2496
6622
5936
3917
9081
3044
4000
1162
4087
8241
992
7365
4395
959
2596
2272
7175
6950
5171
930
8192
4555
7657
6140
7842
9932
8358
2694
6773
1786
6875
2609
3752
7457
8505
7707
2207
3319
3183
9051
2879
6255
8091
8066
5284
8275
5363
5542
4157
1818
1392
2861
8924
6823
578
8145
9908
3677
4844
8868
3060
5970
8318
2864
4771
3401
3533
4798
6756
5118
8664
8484
7921
1979
4837
1826
659
7281
7868
9065
9095
6342
8076
1604
1090
4725
6935
2694
9050
3546
4674
7469
7211
2820
6075
4849
7634
3729
2516
444
1664
2529
755
7237
217
8915
900
760
2563
2063
3713
2766
3710
9304
2095
