7937
8413
7540
7966
7250
2267
1627
1428
8397
7783
3670
2826
204
1045
6944
9131
6283
6394
7342
9364
6029
3822
7347
3154
6630
9283
9954
5079
9302
7932
6807
5676
873
9278
5070
9557
2593
4057
7088
4781
4990
896
607
1745
9367
8231
9023
554
3202
4953
2926
3290
3421
3595
1110
9891
5472
2215
6077
827
1036
1693
5073
599
4876
7064
3720
5596
772
7728
2379
4652
1756
3419
9896
9933
9105
6753
6447
4118
9151
3414
2782
615
1846
3860
2481
239
9099
2678
5365
5782
5395
8382
7363
6713
1716
5421
7941
3843
3942
8636
7054
7047
3071
5914
6179
4860
8005
8184
2304
9604
5068
4987
7461
2602
2163
8656
9151
8508
5426
9977
4552
3785
6947
3855
8379
8457
5940
8072
4640
1559
661
9684
7380
4888
7364
2317
5590
4057
8928
6888
6671
7721
4321
4163
2199
3728
4187
6466
5304
8572
9260
4497
3021
1405
318
6010
7391
8480
4451
9296
5944
2899
3847
4835
6781
7838
2090
365
