4111
4169
4396
4673
1414
9002
9551
7769
1640
3968
2927
7853
7974
685
3702
1000
3986
2250
2973
3909
7900
7992
1129
8237
7179
3911
4334
3126
9623
8381
1168
7635
8321
9136
7627
1229
176
5893
3740
1496
3337
8827
8012
2688
1839
8443
9502
440
8719
3328
3744
6755
2708
3859
7462
7862
6669
1051
1158
6532
7406
2371
9175
9901
3672
222
2606
7001
8331
9873
7858
4752
7783
5228
2279
7937
7561
748
6511
5964
5191
9264
3314
9203
2282
1856
1220
4595
2242
6321
7380
9817
7571
4186
6299
9193
8347
1461
1462
2978
3939
6497
6294
1812
8815
6071
4772
5106
5820
9334
3165
3798
2949
6819
1066
4124
4673
2764
4675
8079
3871
8675
1214
3740
956
2694
3802
5448
2756
6004
7254
8153
5355
9775
8511
571
7485
1718
4687
9345
4514
5445
1640
4404
3572
8450
3976
8564
628
2170
2707
4800
4756
8801
2996
9383
1301
3365
6860
511
9634
3112
5685
1278
6044
2751
1634
2494
7989
6512
