4129
2391
3625
1423
6678
3225
625
8953
9552
9627
9243
720
8892
8912
7054
189
6955
7582
2426
7336
3356
7697
4127
8983
5088
7333
4150
5824
8003
631
2548
1946
9186
3705
5984
1352
535
264
729
9264
9585
5707
7579
838
6800
9569
2893
9412
4851
7613
9614
2221
6111
1451
9397
8816
7283
3342
6625
146
8700
6483
7759
5485
2746
7497
463
451
3027
7694
7873
1008
1084
7850
3580
9447
1496
8856
9299
9923
2430
1626
9155
8453
3042
871
6153
1924
6445
5103
4182
9907
9344
7362
7721
3478
9373
4526
4755
3261
2742
8400
6338
6208
1590
4336
2937
6236
2006
6334
437
8903
8986
6608
7418
7754
6326
1785
9792
3382
7252
4124
7972
661
3389
4060
2683
9938
5454
4959
1585
526
5780
6928
3000
7099
5961
4410
7971
1825
8833
3276
1387
6914
3790
1848
4475
6805
1237
7559
