331
556
3792
1073
5092
8980
3080
5435
9821
3260
2613
8711
3918
8810
9570
815
8139
2274
7307
765
8874
5020
7497
8964
4970
2255
3073
978
7872
9735
3904
7989
1461
473
4705
8996
6148
9039
2978
333
2406
1336
7015
6496
2792
499
1192
8580
3503
3936
9263
1651
8025
3698
3006
9263
3276
6917
9926
1312
736
4840
347
7715
6672
5507
2977
8543
2314
7957
7826
2556
1300
535
2449
843
4498
1169
6369
589
9934
3914
7000
6130
7325
8646
361
5615
6349
3728
6832
2582
3112
3508
6672
7485
2605
481
6274
7899
9034
873
9696
3702
2653
4792
2288
7034
3146
6238
371
7024
3710
8558
2708
5847
5593
3369
471
2206
776
9452
7748
911
4613
2473
5725
6265
1447
2048
8386
1303
6760
2393
3063
6648
6164
4079
7582
597
1918
3633
9500
5033
3572
1409
2211
8078
3484
9662
406
8343
5881
9131
1794
6940
8847
783
7835
7400
7880
7394
6971
4716
5779
3579
9925
939
1375
1311
6889
8111
4844
5448
6357
4784
604
2940
6698
6538
4382
8870
2356
8478
8377
7790
591
2942
857
596
