6903
9545
6643
6204
7358
8606
3576
2756
7996
5191
461
3953
2422
9514
5266
5371
2085
8825
9227
2797
2523
1965
914
6438
4719
8390
2403
7476
7043
8730
573
7363
9525
9027
7454
6643
8479
4882
9419
5948
9830
3487
2449
2260
9872
4217
2677
8693
717
4986
8712
7546
3595
8806
7058
8901
4717
2382
1467
8667
8032
668
3281
5432
7812
1610
5192
403
8290
1380
4803
9019
7020
570
9580
5496
7264
3863
9388
882
7346
9908
9409
6244
7233
6698
9451
7941
9077
7866
9537
879
6707
5207
9551
2267
5454
4724
3264
4939
979
6870
6907
7874
1747
7346
1971
648
2473
673
4751
5493
8964
9252
4640
9968
6659
535
7246
7374
9579
185
4814
1599
7463
6626
2386
2328
1201
7681
