4949
2877
6679
6324
4739
6703
7088
7986
3890
752
6786
6673
4684
8712
2938
2273
4734
1867
5304
4689
9242
1757
1045
9091
8324
4121
4131
7550
6088
3468
2060
8377
8339
2734
8124
8539
5394
9587
9041
1834
5147
9454
3184
4041
9434
5953
7908
5760
3721
9536
1897
5922
2755
3317
1214
5753
8243
5899
9719
8841
244
9353
4071
9247
8003
6332
4160
4902
1379
1617
3433
9461
8525
9726
492
8293
3139
7287
5206
8657
1382
3440
1795
2690
8269
9110
2999
9010
9542
5394
1318
199
6435
2360
7377
9407
7336
2500
9908
464
7033
5538
2560
3961
3648
1030
4032
1042
7832
4276
9762
6112
1960
6213
1671
8360
9200
5944
4497
6441
2088
4201
3370
2500
7992
1797
1341
3730
1489
9135
