7002
7343
5878
583
7715
9019
5344
1044
5317
4873
6628
580
8107
4585
6192
5030
7155
2680
6758
7721
6033
1749
1990
177
5593
7309
933
6607
1631
8842
3623
2305
3746
497
7061
7516
7851
9181
3791
6847
5069
1355
113
1398
3630
7087
7531
4551
5675
3818
9091
1526
7911
471
5561
613
9222
8155
4572
909
2356
7809
7335
3156
1514
7701
1699
4277
9215
2288
1603
6040
7137
2736
3302
863
3527
879
8165
8378
4639
8388
8098
7615
3379
8609
9380
8641
9826
6092
2673
6653
6438
5387
6164
2034
2704
5897
6531
5342
6102
3908
4193
2157
5052
8577
3189
8195
4097
8613
3066
6801
6990
8528
5425
3460
3603
1211
5509
6529
1193
8937
5295
6709
9513
4814
138
7103
1020
2415
3698
6789
4521
3289
1147
8094
1688
6384
5276
3637
8913
3010
3939
5451
9788
6707
5813
8269
9213
4513
8020
4994
610
4751
9682
5168
1500
7624
5670
7939
