2898
2974
3523
8887
2322
5443
6874
4994
3761
6207
476
8196
6011
5608
9689
8958
8928
953
7843
1834
1677
2548
8651
218
1967
7421
9750
7071
5894
3706
2685
3555
6560
1933
1849
9871
668
8917
7064
1778
5233
5369
9048
9805
248
704
1250
4448
6009
2327
5795
2877
5186
4083
8434
8326
8515
2427
9793
769
307
4954
4493
7317
3428
3800
949
9227
4853
8905
8065
9271
6513
6264
9808
7290
6565
6206
8806
7549
2831
8203
3850
623
9726
1576
6145
8588
2104
7408
6496
2290
8507
6618
9235
2621
1121
1779
5772
2025
3759
6347
4357
9161
4163
8788
5105
312
8145
1439
6280
673
368
9807
1300
500
9507
3196
1377
5474
