1650
6989
3933
3380
3498
4113
2683
3335
9368
8182
5725
1411
5931
8577
2952
1436
4358
6753
8753
8269
7805
921
8834
4965
5950
8940
8749
3448
8400
8830
3166
1724
6619
5265
8905
7268
4697
6562
6925
3665
9477
905
8997
1397
6393
2470
6110
3854
7565
1836
3990
1714
6095
7586
4101
4767
1485
597
6317
6605
621
4605
7149
2042
788
8199
9372
3415
6017
9242
5626
7080
7760
4289
8293
6902
9826
4706
2302
4605
5745
2477
4094
9411
1377
1537
5915
8255
1629
9220
1290
3189
7366
6368
7238
481
5132
7677
4063
6583
3042
1348
2363
1217
7835
3558
7385
7515
8190
4848
157
7871
6145
8770
5273
8722
8406
8627
7353
6027
