1323
9073
7139
8533
1272
3351
5836
8474
7628
1414
1295
8104
5719
3328
726
2140
7715
4749
1566
6002
5615
1939
2553
8183
4778
7289
2644
8785
3092
8091
2243
502
6808
376
8339
7474
5425
7257
8320
422
7860
8757
1965
4266
8734
5048
7579
7396
1444
2845
3096
9877
2865
5481
4527
6686
1275
6103
2779
5522
2717
7118
8443
8917
6208
9259
8925
4441
6837
8935
7504
8273
3513
2646
2652
8971
1988
5995
7534
5566
2804
8503
5738
6963
3375
9372
7235
8942
9809
8390
5664
243
4252
8269
780
1856
5373
3508
1298
7448
7146
4137
6048
3628
2375
1014
2830
9397
6730
5869
7460
8311
5935
7887
7838
3270
5625
9331
8368
7485
9242
3742
4037
8727
7930
8986
9810
7503
9367
4830
9394
7091
5644
2639
5011
2032
9281
9946
2393
1503
1654
1212
8677
8955
6828
7064
4182
3132
1013
4667
9329
2649
7630
5039
4628
1797
3977
6423
5922
3379
