9270
904
3828
8994
2956
467
7067
4567
8287
3638
9014
275
659
4010
4057
5333
9854
5581
3230
2997
8916
6998
1301
4412
5917
7714
3308
1515
4594
7380
8105
7702
4031
6929
3850
6625
6119
8544
8015
2975
5136
9264
7247
6576
8555
5327
9616
6451
2522
2336
3715
6743
2865
1440
8814
656
9314
742
5228
7665
295
3747
1780
2186
6023
6333
8913
2182
7203
1568
2873
1308
9115
9087
3167
4334
1712
7529
5911
445
8320
6166
6164
6358
9216
9417
8060
7530
9666
422
5680
2718
6648
2659
8691
7459
5274
6062
9998
9597
8430
3743
2777
3527
7425
1202
7841
6812
740
1404
