9977
8307
7746
3507
4471
5690
5242
4440
4090
828
9345
7586
5739
7319
2905
3795
1229
6831
9647
7923
6281
5600
7488
228
8377
1678
9891
9181
8615
8146
6094
3574
9057
1376
6544
2267
4430
333
5781
4961
7328
6010
4038
7681
6662
2096
418
2520
668
6862
6258
5492
8639
5312
5640
5582
5273
8071
8287
3130
6958
6017
9623
3876
8972
558
3717
4617
5329
3592
9773
4823
5534
7601
8135
1819
4670
321
3778
9383
8368
3828
2735
9183
4945
4687
7556
3340
867
9486
