1079
624
6143
645
5940
3054
3573
6673
3194
1339
9969
9443
9022
3025
6438
2045
4102
2809
8965
5295
4498
7327
2751
8664
3490
8183
6056
377
737
5488
7408
4201
4980
208
1446
9662
8615
523
7833
2999
8994
8627
9054
2401
9271
9877
5523
185
7925
2804
8385
6762
7873
1267
1195
8617
9337
5120
1112
817
4930
6140
8410
9123
9221
3610
4843
2343
6429
6736
4712
5122
7846
5961
3047
1416
507
2106
2525
3808
8038
8589
5636
7994
3709
8363
1307
1955
3884
8704
7076
1039
8180
1393
4921
423
8838
878
8526
573
4037
8998
9132
1148
8465
4644
6517
9213
3491
4584
1452
8222
3694
6353
7260
8952
1112
894
8840
4629
