3348
2849
3972
1365
3802
4461
6121
9957
9386
7823
6771
700
3742
8312
1700
8093
7546
2214
3872
5063
2086
7831
6141
4819
1735
7231
9943
2725
1737
3559
5665
1701
3575
8104
3829
5895
7505
4503
8174
4716
4099
6075
9911
3449
3912
2911
4547
8949
2140
3643
3952
7120
3009
6763
5388
8541
4021
3951
6896
3242
3749
8209
466
8162
5865
4626
8885
3964
7590
216
3717
2828
2890
858
9888
7157
8527
7601
3878
4276
4541
8504
1493
1377
3585
6467
2047
2180
4888
1192
9929
8531
1395
7960
8839
3481
2274
894
9412
9614
9146
3212
9280
4695
9437
4092
1260
8268
1644
4532
2408
4420
1814
2763
2023
6141
3995
4144
1978
3058
7332
9247
1700
1914
3340
1132
3980
7601
3946
458
5830
3541
7281
8048
746
6718
7079
6272
3104
8793
9845
5639
3223
9077
8951
2905
1713
5682
3523
2142
615
9136
520
2783
1554
9718
5104
4767
131
8034
3208
8425
5349
5605
7083
3397
3074
9476
2951
8600
4694
9712
2606
6063
9940
5900
5838
4749
2517
8268
2122
1527
3321
2979
6333
6619
6227
7622
6300
2995
8174
4339
1541
9345
1444
3133
4608
1822
3385
4974
