4682
6541
7341
3338
337
1955
2065
2442
1346
8898
9554
8046
3606
9695
6780
7565
7787
576
7070
3940
1349
3896
492
6978
6480
688
6674
9825
7653
4860
5409
8363
4558
4262
3369
3795
4264
7830
5728
3364
5930
2326
3773
7402
5057
4119
1787
7446
4469
6326
2002
4895
7131
2759
7378
385
6235
8054
7168
3439
7042
5910
4604
9042
9001
3424
3297
5735
3733
8780
9980
1461
4557
8243
2259
9998
721
2839
9546
348
7742
9050
2727
412
7624
278
1433
5926
7043
418
5331
3380
2100
7001
6654
4662
3379
5327
9087
6186
6506
8993
5103
4600
7324
8804
9279
1612
2266
940
2261
3365
5573
4628
3028
6753
9507
4669
6107
1223
4765
5001
1845
5938
6878
9573
5252
1216
8413
5656
7048
8846
1843
7815
7853
1629
3279
4145
4058
4380
4949
5456
8183
238
8691
8420
3233
8682
5509
3163
6797
7347
2543
7453
7154
7807
2991
6088
8916
1567
