1806
9573
1879
6886
9853
3316
3343
1452
8804
5175
5163
2666
1320
9893
810
1956
134
4527
1747
6480
4130
1916
5790
4787
1806
1333
2598
270
2390
9427
5112
426
7695
476
3993
8922
3846
3298
1725
3712
8462
1282
5751
746
7393
3384
3637
6396
2941
9590
2137
5065
480
7266
8282
2951
1057
8155
9525
4551
253
104
454
5133
4899
6860
5477
9398
2226
1855
2026
1803
7235
4152
3312
3030
5556
4985
2179
6363
5953
2867
732
8475
1947
1052
437
8562
1061
8453
1603
4555
3225
8088
3313
3651
6249
8065
1517
7438
9281
5294
6586
3678
2639
7108
4554
9898
2593
8867
9122
5740
1620
6195
1541
7290
601
9399
7723
7832
3508
7195
3809
9221
6822
9226
8943
7390
9887
4029
3658
9386
7835
3447
811
9329
8029
7381
8171
822
