6958
5514
3624
8649
5180
4746
6975
285
7048
5955
5669
9798
991
3925
9860
8948
219
9327
760
4298
1250
8554
6533
3588
9726
9987
8644
8660
4442
9998
134
6210
1542
4557
5435
8053
7243
3779
1529
8428
8014
570
3399
1285
4388
6605
891
7145
3280
7440
6188
3213
9858
1607
2504
3287
949
2616
1236
3298
165
6187
8375
400
1611
1160
9287
9777
7598
9062
4877
7336
7892
3075
4263
2340
877
5412
4977
2770
7763
3597
3237
8903
5188
9951
2059
5336
4182
7188
8152
5804
4930
6440
211
9616
7872
2729
2149
7172
1235
4199
358
1177
633
8123
4410
4859
388
9379
9566
7712
1212
8786
3431
1589
6580
3020
4633
8169
1929
6331
8236
3421
9937
5863
7148
6538
9210
5298
968
2055
1342
2244
2308
6583
9196
6895
2931
607
