4029
8679
1091
9844
7087
3631
5244
8618
2495
6428
3648
7883
6994
2975
3542
5700
9731
9820
7139
8132
4873
3104
7861
5330
8571
6855
6626
4371
3866
8035
1251
9101
8451
323
7589
9450
6528
3212
6629
8602
4518
5444
5978
6097
5039
2439
9091
4197
7475
1291
7266
845
8956
2741
5077
7483
7265
4037
3474
5497
7144
6892
7865
3561
4263
7624
5815
9438
1578
2305
6289
4935
4173
4988
2383
6922
2107
421
5287
1211
6022
7077
3251
4354
8900
815
4829
5638
2418
5888
5770
7463
9493
5178
6973
4727
686
3674
3172
1108
9711
4880
2771
5467
8802
4788
8090
7631
9319
6703
1778
1789
9185
7587
7107
4850
7950
6976
6642
3798
274
3686
5972
1448
549
4226
8002
7197
7321
5653
8117
418
936
873
5146
2529
1825
2558
9211
7602
1494
5930
2914
6625
5973
2341
9271
5429
492
1965
6063
9251
4050
3172
4889
2932
7024
5621
5760
9041
3645
1036
1249
4506
5338
3381
6368
4494
8048
8136
2993
5032
4732
8566
7995
4019
218
6725
3936
2078
