425
3768
3001
8034
2681
5172
6991
7084
8615
9496
6611
1140
1360
6978
7743
7398
9706
7284
5088
5916
5664
9049
8679
8490
2335
8054
3572
3379
685
6920
5965
7240
2825
2380
6996
4917
2938
4152
2864
1889
3600
8709
9006
5036
2835
3038
7897
1877
9743
9753
5128
6132
7044
5293
5028
5219
1249
5174
9019
8862
803
7675
1741
5344
9011
707
6809
3398
9279
4527
6402
9397
9727
949
6114
7334
5609
2279
2583
6818
1766
3346
161
6004
533
1519
7159
521
8674
888
4200
4994
8811
3970
9186
3174
1069
4620
2359
7714
1580
3573
2565
2895
4731
8624
7269
6083
9735
1974
2581
4138
8746
9079
2403
4483
725
2996
4256
6787
4390
3964
4718
7591
8474
7021
6458
8118
4749
3246
3265
154
8028
2052
6659
5182
8347
1843
9098
915
5704
2236
1140
6681
4603
7564
5658
4507
7707
9257
3348
7811
7607
1988
1726
7260
989
3455
7768
6592
