5348
3175
3645
1830
5993
6044
6248
5564
3672
7072
3073
8291
8922
5010
9505
534
1876
5353
3995
105
5240
2732
6989
7525
256
6399
869
1487
6851
8629
2656
1189
3196
419
1177
5469
5808
1064
4209
1376
3585
1675
9112
7114
301
5729
3029
8384
5992
6904
4751
1730
3398
9687
7961
901
5110
1309
4452
9871
2944
1516
5628
9974
7650
5353
311
1696
4953
6804
2208
1211
5501
1438
8616
1503
2549
6152
5500
4095
7486
9909
8181
3547
6283
4264
8090
4391
6003
2562
502
3762
1731
5827
5444
2604
5572
3433
3328
7817
2472
227
6280
9409
4617
5152
9240
8603
3746
6261
164
3890
2969
1472
6220
9732
2190
7615
347
588
8752
7581
3464
3649
3714
4551
5811
2050
8291
239
7923
9946
8635
5838
2225
2302
5513
9465
7823
2897
2876
6699
5192
3026
3193
8289
752
475
1557
9804
