6723
5247
2097
6524
8402
4847
5982
7283
7627
5246
3574
4070
1904
6211
6900
9849
240
4889
6917
8531
3111
4635
9285
3932
9702
4369
2393
5827
7750
5247
6461
9807
9013
7587
9294
3973
9476
9158
8221
6415
9314
6938
4450
8716
3862
2958
8203
6639
7526
5700
5356
856
4081
3715
7388
2406
3614
7699
9967
3679
3684
1314
9387
1205
2171
8348
7867
6521
1412
3662
9064
4984
613
2741
3120
943
284
902
1569
8230
5414
5987
6630
970
5142
8351
5070
9638
1026
2418
7062
5901
4889
2719
7713
9072
4346
7571
2246
5669
7847
9008
2085
5257
2372
1289
8895
9992
1505
4301
8930
1973
1257
1678
6686
2640
664
8924
531
8060
7634
5553
8882
732
5211
9515
5504
2812
6361
2714
8568
5145
7355
4789
8632
2641
1864
3871
9470
5449
