5284
4528
5714
2750
7731
8764
5915
1309
9824
7199
5670
5062
8210
8028
9087
5866
9858
6411
7607
6195
4284
7658
5277
2542
3151
1997
8881
9909
9825
4255
5466
2877
6483
2232
8391
1930
8799
3634
8476
9692
8174
8320
4691
2439
1691
3620
6861
2937
5195
9991
4020
5310
1794
6058
1412
4383
3206
8283
3764
959
786
2008
5930
464
5194
1327
8167
1646
6069
7024
7511
5165
8571
3165
7155
3446
8618
7851
6270
1849
4666
7604
5270
4194
7248
3464
5031
8691
5725
477
688
7047
8252
2355
4295
7990
7099
7890
9195
5099
4661
349
2255
4137
7205
6696
5417
2905
8374
4522
1179
5805
8459
4875
2306
1589
8934
6971
6616
5663
933
5824
6231
6654
1109
1860
6964
5367
5637
8258
6881
6037
8998
961
7740
5939
2305
5913
1297
4863
2061
1159
3122
7416
2764
7113
6450
1199
2944
4560
8444
1173
3948
5721
3316
3234
4835
9881
3885
1594
