8018
5628
5322
4886
8779
240
4525
7932
8437
9428
8752
6940
7465
4550
8963
6609
8738
9586
3382
1441
2797
9416
484
5842
6574
2452
7107
5696
975
9928
181
7391
5785
7091
7987
4690
4672
2566
5430
5213
127
9948
8957
4162
7681
8688
5240
2309
6167
5743
5393
1010
9214
6257
4637
2952
6663
4025
3340
6343
9887
4881
2870
6018
7879
2762
2310
7416
4523
4593
383
9651
1663
6147
1860
7595
8443
9213
1882
2739
6663
6228
8577
4191
8434
5756
697
4804
8444
5314
5724
7408
2495
7688
3338
806
9078
1295
6143
3258
1955
3200
6706
3071
3556
6721
3672
261
7178
5811
930
823
8799
163
6074
9127
4559
7383
9131
4506
8121
3742
6396
4644
162
2823
313
2454
1494
564
6352
5444
2272
5111
3096
8000
5969
4511
6397
5864
