7687
3141
5788
8737
9909
2298
4699
8876
3550
2777
4749
5137
638
9356
593
443
4759
5842
4916
9621
7466
9426
8793
9626
1373
1568
1439
5761
1566
5723
3813
3750
6747
9943
5994
6855
9194
919
3863
9757
8051
9537
397
7989
4045
1529
7222
8211
7744
5785
1075
2989
2189
3071
158
1359
2146
9192
2735
2035
9903
1447
7649
8550
3737
2036
5345
4184
2225
8573
4001
8712
2323
6245
907
5784
134
1615
2186
1091
3670
3596
6563
4947
5269
137
9713
6235
9925
6576
8547
8584
5764
978
1206
3929
8992
6739
8801
9700
3005
8215
6308
720
4248
2409
9142
5767
3003
7915
9503
1324
7679
3533
2135
9218
6946
4758
4311
1307
4093
9242
5681
350
5251
318
7744
8516
1877
1998
