5059
2780
1231
4057
5279
2637
7945
8418
428
195
4295
900
6746
971
5047
8232
4160
5117
7580
3855
809
7753
7979
6602
9969
856
5364
1909
127
6299
343
8229
4547
810
608
1459
5341
229
7821
8803
263
9828
4863
7429
9442
1527
7176
4480
3491
2446
2603
8852
5003
2949
6340
5828
8471
9856
7582
3512
3521
8150
9872
6129
7412
5092
6863
7098
2040
2012
6532
1952
9577
2186
3448
4784
5871
690
5709
7669
3983
9567
558
244
7244
4033
9440
8262
8448
2249
