2276
2984
926
1751
1289
1330
7957
4188
7997
6517
5141
2770
7292
6663
7027
8746
5174
3035
838
7300
9382
5157
6670
8062
3596
6080
6565
3890
4633
5274
4839
2187
9379
8941
4829
210
6965
8003
6675
8631
9781
5191
6219
5396
5855
256
5682
3010
4861
859
618
6843
1187
4366
9558
716
7371
6828
4882
790
2080
6834
7599
154
5589
9826
7830
6621
4222
3486
2395
1507
4571
9174
7585
1022
8735
4309
8174
7001
6391
2205
3122
8363
4781
6485
6371
3037
3316
2211
4073
1359
5203
6743
4040
557
3084
9571
9493
3817
1697
4581
8000
294
9746
3384
712
8084
7029
6608
1729
7458
4284
2919
119
1007
10000
5322
3330
2602
8592
2005
8071
9262
7975
3159
2568
912
8983
439
5133
7567
6750
3542
2460
5105
1840
1787
2443
7232
8861
5529
1930
1719
1197
2271
3978
7071
2093
684
8033
1036
6864
5483
5474
8012
7907
2820
4616
5008
1082
9072
8167
5500
291
3790
5555
8584
6593
3662
431
1578
8663
2102
771
3233
9352
616
7550
3726
270
8989
2380
7757
2124
9668
2904
4454
1387
4382
671
6299
2849
2096
4936
1434
1764
7404
2102
7435
4344
3045
5453
4594
3912
7960
2166
7565
9864
3028
289
1827
7670
3392
8874
1236
6513
5518
3978
8550
