5350
7578
7420
666
8835
2740
7302
9464
8705
3327
5477
2883
8348
7067
267
8273
1260
8131
6073
3911
705
7038
732
7515
7028
9574
428
9661
2995
440
4138
7804
8893
7370
5690
3951
8505
9332
1633
7509
3326
2455
8966
927
2351
5984
444
5661
9917
133
6407
6639
1764
1029
6252
9406
896
7383
5016
258
2599
5570
590
6798
2977
2380
3655
2255
486
8635
2765
1110
9998
4610
934
3439
4466
5252
2930
5496
2926
4381
3891
4483
9918
7067
3180
9308
5207
8809
