1829
651
3084
7261
8666
8811
7659
2332
3491
4183
2167
4821
5129
3348
7726
1610
3143
9367
3109
9368
6833
1137
9586
290
4312
2270
7905
7888
8925
5433
452
8810
898
2665
9019
5835
7228
9923
6908
7001
3342
167
7916
5486
5774
6109
6851
4268
4216
6788
8041
4380
5913
6775
3894
8734
8851
4301
5976
6964
1102
7362
7986
1500
619
8703
2794
9165
7851
7801
8492
1624
3394
6962
4036
4782
1200
3602
3750
6115
3551
5709
9382
1486
4372
4226
5855
9179
9923
5816
5575
7739
2489
4422
3919
6316
6415
9607
3367
7814
2724
2075
7705
873
1900
8565
2375
884
3832
2788
6747
2215
2454
6431
3766
4974
8647
7923
3456
6644
7954
5816
1631
5268
9175
3610
3758
8925
1912
5987
5904
8105
9407
6033
3925
8111
6861
8842
9201
1622
8499
1505
3405
2630
1234
6967
3219
3076
3875
6387
3444
9018
772
9167
5267
1991
4267
8390
2138
6489
1265
5389
6452
4576
5869
5621
7695
1435
6895
3287
953
7939
8790
8387
212
9996
1255
7208
2357
4041
