9640
4795
8897
2404
3177
1039
8441
9556
2876
3256
3051
3529
7219
6602
1156
1200
5889
6376
8105
3227
7463
9754
7608
5696
8346
4252
4211
7026
5059
5389
2153
3393
7099
4426
2571
958
3683
2927
2188
3616
589
5882
4159
1089
515
6602
5271
6589
2058
7728
5875
2003
5409
5512
1799
4358
2334
7195
1813
9965
7932
4574
7770
5857
2943
4521
1859
4089
5647
5910
5096
5539
1790
1782
7626
1897
6687
6737
7937
9101
9133
1791
6419
2687
3899
6098
1710
8404
1724
7386
918
5396
4396
4670
8318
5684
627
1685
3051
9563
2476
6993
2046
9472
7826
4923
7192
4955
4317
8766
6836
8305
3503
887
6545
110
2007
7980
6472
1357
3153
6799
2124
143
3745
9012
870
6808
7893
1296
9445
7888
8577
2279
5578
4372
1783
272
6600
5398
4392
5688
1317
8632
8423
1584
1739
5126
9129
2583
9252
878
2289
4231
4308
5048
8138
5144
2614
9086
6912
4570
6527
3164
3300
7799
8123
4210
8490
6161
2766
3501
7103
3636
3859
1032
9749
5320
9731
8811
