2785
331
1867
3952
3729
7805
2813
4851
6934
3974
5188
261
8143
7642
4461
626
8284
4023
7395
3147
8101
939
1101
2765
4352
547
9944
4677
8193
1040
506
6729
8897
9368
6149
4998
9197
5001
9232
3881
9903
4843
6479
7543
3289
6543
3155
7351
6884
2792
3871
1023
4810
6071
8854
5580
2318
9317
4407
3559
438
9092
3742
9537
2192
1284
1667
7840
5957
4681
2005
440
8647
8019
9289
2330
5983
5843
155
6700
8822
3537
3660
9356
7350
2272
2322
7817
8677
5228
1397
1558
4877
7985
382
2183
7730
4453
6162
2406
2250
9161
9830
6832
1831
8829
9382
4856
2802
4925
2894
1897
6273
865
7980
9857
8767
8164
5982
3271
3774
5196
2721
4037
2019
2090
1652
4088
9292
4158
2669
8958
9815
2027
9101
1817
3562
3625
7243
3896
4323
3178
828
661
8645
7587
7473
4767
4579
349
2146
6409
2824
5072
8239
8750
6264
5938
3398
9178
7825
4698
8037
7808
6369
4683
4489
2375
9983
9619
7768
418
4322
3028
2859
3997
3138
2728
9258
1071
