3690
9890
3068
1303
3216
9659
6669
442
5897
8351
3789
1734
2391
8341
105
9411
3537
5699
8662
2934
1445
3994
5630
2264
9149
6416
5895
7661
559
705
4488
2460
9978
5498
6132
9549
3067
4644
5960
776
9043
7327
9366
4808
971
7955
567
264
6746
4409
1799
1484
4692
3896
2491
7267
4618
7064
7722
6658
6180
4142
3608
1092
6764
3758
7139
4399
619
6394
5692
6903
1030
6229
8607
4160
327
6609
8966
4868
1168
903
2464
5268
6313
7909
8737
2766
5482
9453
6947
4175
5000
4389
2292
3991
6449
2369
1815
4667
