8443
9894
871
8454
1584
1794
8991
7792
4330
5153
6702
5466
4738
7911
4833
7458
7778
2628
4282
6232
2824
4498
5402
5948
6259
6956
2009
2816
3678
3516
9817
4539
6847
2391
4445
2556
2816
2276
9499
421
9205
9127
9056
3246
3429
298
2838
8834
2090
6929
6609
2297
7582
171
1767
7846
1760
616
5055
9269
6951
683
5808
2499
2408
9318
3493
7188
4910
8771
1538
5802
5904
9664
7482
7316
9792
8341
5928
4990
2741
6092
1646
8847
3790
5732
6868
556
6744
634
9920
4215
7977
4375
1648
1858
8464
4843
3640
1535
4210
2039
8618
3793
9497
2883
5466
811
6645
6335
1633
1388
4870
8227
3719
1163
4433
8479
6180
3778
5893
9717
1364
9598
7681
4954
9815
9664
3540
8633
