1546
1583
6688
5082
4966
6455
9913
2159
9854
9610
4517
7631
9856
4365
6936
1406
6065
649
8183
7799
9993
7554
5189
5588
2850
8708
4229
1003
9897
9424
5708
3897
3461
5711
8741
9546
3708
3588
1679
8078
5157
3531
7317
9569
8344
9523
7549
7827
585
1872
7818
1533
2334
9818
5317
8769
7810
8524
564
1703
9529
8662
5964
5263
6249
6925
2081
4699
4889
6189
2732
2340
4496
8169
5001
2776
7776
7414
8393
8789
9482
1766
9743
7971
7228
5923
6703
2950
9963
6365
3325
3143
3655
8787
1288
5751
1073
3645
1489
5112
9555
8338
9926
2015
7726
4628
1932
3914
478
3921
9963
2109
2124
2814
8871
3283
7066
4177
2176
8804
7275
6856
5774
3008
4855
891
2949
688
810
9925
