8236
3334
7585
3604
2719
2292
5744
1344
6177
921
3869
6060
6491
9385
9046
2382
1806
6976
7341
2244
674
8515
5055
6021
1630
887
8811
3615
8052
6504
3529
5176
1245
858
2954
7791
8790
7040
871
747
5648
8203
6993
5132
7908
3434
1091
1553
760
3288
5925
5368
3703
5404
7476
3487
1991
9785
2988
5906
8689
1955
3203
4781
1522
7082
7794
2175
1595
8707
2932
3064
5318
9983
7420
8218
7166
8129
8446
2670
1215
5870
4510
3077
7601
6972
3554
9362
7400
2391
2578
8831
2564
5098
6112
7933
9495
4464
7084
4966
2729
3596
5539
2715
4707
6181
1739
7721
6099
144
