5727
1373
8910
4924
3034
168
7071
8957
7003
4689
197
690
4699
3172
1552
4038
6119
5853
5636
4000
3564
7960
6947
935
2613
7285
1576
5413
8929
2480
6911
111
1998
3575
7743
6017
8781
679
7657
9026
1960
2739
9680
9644
5527
1342
6762
6602
702
1369
3950
1618
4946
3139
3955
8046
2148
4556
3499
1740
9731
3539
1986
2727
4944
8959
6768
536
8271
5258
5389
1624
1456
4509
3569
4323
8916
4429
4519
8319
9669
5539
5123
3813
4395
6812
328
3275
1168
5846
1891
5309
1213
3520
3164
1312
8122
2905
5090
2355
3355
4884
5501
9989
1581
4306
9898
7311
3206
5841
