138
8956
7334
2859
4928
9891
4371
9957
1108
4843
4535
4707
4034
762
2338
1291
9392
1720
7626
8191
4381
2736
9284
8593
4473
218
5892
7360
699
2868
2737
7429
5592
9839
2352
5585
7185
7160
9364
4949
880
5299
3341
2615
7797
7757
5966
4865
6450
5468
1688
355
7742
9972
3423
4473
1806
5239
1637
1611
2303
191
6293
1366
5919
9479
8460
6992
2532
4710
7789
5053
2966
9674
1431
2129
634
6153
1447
1665
5554
1522
4621
2424
5110
7282
6317
1943
1396
2653
9460
2021
3128
7997
5325
4166
4067
4846
6169
765
1449
8381
1508
8284
9114
4560
2564
9053
554
4570
9105
8134
5184
6105
218
7106
2518
2538
796
7335
