2252
5609
3525
2857
4791
3991
4281
8264
9781
7758
2225
3137
302
8996
5102
5283
5382
9285
9333
9864
4541
7914
8416
6797
2534
7302
7291
1281
7979
7386
302
8006
2538
6055
2636
4992
349
3730
1837
3587
9237
7098
5279
6454
930
7539
1892
8239
115
1513
9163
6894
8388
9641
9779
4533
6053
9579
8562
6379
7438
223
5286
164
6522
6725
8209
3144
3790
4304
6439
8096
8497
8872
6508
4130
9106
8320
3629
6984
6709
149
8638
1468
6717
6631
9606
4253
1030
1086
9893
6542
4790
8402
3286
7352
9152
7922
2431
2725
1988
448
7126
9448
2175
1189
2205
2163
7891
220
9000
9731
4600
8358
7085
9841
3609
9351
9461
3589
2203
8451
5890
7417
5231
7384
3541
7327
8440
4769
