9898
1448
4308
6123
4348
7163
9679
1119
2854
6450
6929
5565
9397
7498
5522
1335
3566
5174
8241
5108
9601
9721
852
2227
2866
8005
8500
3971
5832
464
8016
6589
4813
4221
9708
9518
5861
3549
7371
5191
3888
5727
2480
6638
5427
9944
5392
4449
2954
3011
6731
6923
9127
9130
7955
6215
2197
6044
3657
1556
1483
7707
9305
5159
9729
8988
5395
8702
6498
6309
2945
9657
2458
7787
9352
3683
3227
3644
5940
9978
4753
9309
8524
3985
191
2356
3787
6167
9594
9274
2244
646
8317
7300
5997
5096
1896
9080
6969
4782
3362
2231
8695
9987
4725
4236
9523
6952
8572
1142
4794
6736
9727
8407
7267
5392
5854
3037
3921
3469
298
1296
730
2315
6704
8262
5589
1464
2936
4393
7639
3064
8679
3667
8030
2417
4931
9660
8145
1451
9298
5714
8924
9128
8227
4112
2270
5001
2802
7062
