4687
2357
1751
7899
4257
1367
7608
373
5412
8492
1572
9002
6263
5358
3320
4331
6563
4294
4618
3334
2721
5192
7679
114
469
2361
4874
6520
5395
5255
533
5760
5002
9885
8013
4222
4770
2522
1658
4282
3040
221
6494
8626
1820
9896
3841
1487
1989
506
6461
2641
3389
9276
1872
5032
5274
4369
818
245
3688
7722
7795
8280
6743
7833
3667
5020
8594
9259
7711
1765
3669
918
7991
499
2964
527
5598
1119
7871
7984
3858
586
6430
3016
6921
7228
3495
1082
4216
3737
6135
4646
1098
2449
4974
6413
8625
9353
2136
8694
4635
8331
1124
3184
9724
206
8391
9778
9771
4829
3370
2147
9658
3311
2997
412
3523
5764
118
7699
2019
8342
6228
1312
3620
1809
5553
1884
5623
2513
854
5344
4309
6976
9373
7922
9184
2162
