2557
252
8096
2008
7189
9402
4815
9499
626
8560
1800
2884
8800
4819
3476
7793
3300
7226
3926
4138
2097
5714
7590
6302
5435
1409
792
1647
2056
4277
2370
6644
5342
6386
5200
6239
5171
1992
3692
6520
6029
4166
1838
1227
6405
8067
6112
9856
7535
8937
8832
9371
8667
2582
6168
4157
8160
3937
9374
6036
7702
1157
6661
4378
279
9333
5096
4370
8990
1793
5943
9677
8392
3803
4223
7097
7221
3978
8551
263
7261
5758
1764
1884
4839
4606
5549
7710
8840
7523
5436
4918
6271
7684
4313
8239
3863
382
3703
2027
