9943
2737
6203
6624
3605
8244
789
3511
9881
431
6325
5211
8788
9011
9942
6707
8296
8243
5649
298
3281
1073
7385
4646
3525
8714
1798
5138
7186
2250
6676
636
2687
1442
2752
3071
4687
8222
8009
1636
7548
5337
3829
6649
7933
8004
1261
3400
7536
1636
9875
8286
3775
4947
1165
5021
9566
3001
8174
134
9992
8753
1132
5660
9407
9271
2984
2199
7501
7593
2254
4744
1435
1189
5248
6172
7559
6013
2048
2947
1397
4349
1575
444
6070
3967
6076
7637
8367
3013
7060
7787
271
4962
4196
5528
3647
9373
3183
4538
9743
1034
2306
6341
2207
4772
1476
763
4615
6387
8107
2611
740
4150
8514
5329
1212
4111
4698
2513
4045
675
4659
7925
750
6759
1708
7664
5274
4637
6874
4451
7012
3409
2399
3756
4365
1720
3194
7489
3405
4764
4673
7088
8211
6167
7765
6188
3060
5663
1220
4628
4853
1573
4991
7464
1425
5305
7224
2408
1557
8965
2373
9664
3404
8308
9906
1134
2237
753
9264
9507
3200
4995
5837
4603
8186
8419
3358
5671
