4377
5409
8970
8431
8108
1757
560
1000
6424
5036
8834
6826
1309
4637
7743
2500
144
2591
2168
8094
1334
1787
1195
7389
3853
2317
8290
5380
731
949
539
2621
4216
9896
2131
4811
5403
3002
4937
1416
2826
3536
6762
6412
9484
9876
7325
5405
2195
7138
3885
2389
4285
7808
4829
1757
8934
4283
824
2628
7094
4996
4603
1140
8181
9412
9504
4997
2027
8637
6333
5947
6206
4684
9504
4425
9073
2036
6870
844
7733
1765
5602
971
3036
407
2623
1885
183
9153
7001
9874
4268
4126
8402
6641
6371
9412
4633
6327
4189
8759
657
9118
3359
1774
3410
1664
5142
137
2584
2523
8726
656
5807
1973
8913
7748
2019
288
