241
7640
6960
6619
2789
7552
4604
6676
4563
4480
9627
6336
4186
2627
3368
9447
7324
4210
5460
5528
1145
775
2902
8034
7863
9923
8740
5346
280
7580
5464
5954
8541
1803
5696
1912
2600
2556
312
6033
8959
6381
2249
737
7633
9681
6221
1158
7789
6480
7706
9564
3611
1365
2252
4196
5862
4084
5302
5522
6028
1971
1086
8121
7267
1755
2707
1863
9791
5847
5047
204
7774
185
2898
9441
3402
5164
7639
435
5111
1659
4655
4847
3018
282
4690
6415
6146
801
5762
3230
1932
3746
3864
3431
7290
4062
8268
4926
8146
5943
1529
5799
5521
3090
8831
2471
3075
2033
3616
9718
5160
3822
3589
1655
1023
4302
6396
1703
4956
321
8128
6100
3583
496
7304
9635
5799
6409
557
4452
6465
1004
660
2716
1138
7729
7169
1171
6654
7601
4137
245
8276
3753
1466
3848
7500
812
3684
9201
381
9191
4836
8405
8950
9611
3281
3335
623
2457
2284
4125
4796
5398
5624
3877
7584
7447
