2238
5545
300
6967
5655
6707
617
2851
8248
5612
6906
2642
7540
3606
9047
1574
1317
805
1893
5380
7283
4698
5765
7747
9697
8440
4447
1272
7693
9354
4739
7303
1637
9612
9055
6241
8063
7093
6074
7964
6487
6144
1058
4304
8763
2854
218
3307
4717
6043
3750
461
5300
370
591
1462
7220
2234
650
2617
2244
7855
4540
602
1463
9021
5922
9346
5476
6391
5834
8415
706
9588
5582
4753
8970
6063
6766
236
3699
1777
7714
9181
8195
948
2252
2450
7523
9995
9390
7879
1626
1463
2618
802
1544
3761
9925
1873
6216
8315
3648
1499
8957
6764
5845
4910
4017
7260
