1826
4362
5192
8108
5605
8351
8463
8494
807
2017
4245
6040
691
6703
4982
4610
9033
1213
2743
7500
3661
9136
9134
2804
8798
7575
8581
6462
312
5580
3052
8648
4717
1452
1434
5676
1351
1206
7539
5230
4642
2268
6199
1406
1791
7169
8965
1208
6425
8945
4576
8190
4502
6414
1293
9128
9069
5374
2296
3674
6288
2283
2913
1959
4305
4778
5692
4038
2869
5580
6260
9569
5786
410
903
8743
3998
9322
7055
8392
7939
4361
6805
6085
6656
246
6757
6601
1206
3706
2898
7932
205
1261
3015
1553
7394
3463
6766
1562
342
2419
2601
2298
8801
4636
4089
129
2413
4340
8321
113
1978
4893
316
6946
5197
125
1035
2047
9755
7437
4932
5392
2459
3160
455
152
3638
1742
3493
9416
9467
5590
1611
7823
4150
8443
455
4102
4640
1105
1833
5030
1153
8579
6307
9954
1328
8052
6201
5746
967
1868
1579
8122
6501
9031
4127
4961
3281
192
3369
1961
4195
9765
9435
1902
3212
7180
9608
1539
8252
8671
9598
7783
5880
9779
5393
7624
