7402
9761
8167
4578
5040
3536
9435
8340
8144
311
8539
6830
3279
7214
9429
7691
4165
8232
4365
2394
7019
4676
1800
351
7126
221
8190
3589
6915
777
9024
9624
7630
5664
7488
6256
3386
9766
9714
3125
8675
9520
6219
1206
3326
2280
2463
3170
5669
2232
4011
4087
7486
962
2992
6020
6392
3990
8526
3031
5601
3646
4537
9460
1158
540
1115
4350
9673
4708
1185
3169
7026
5383
6627
2211
1599
9721
7018
3153
2852
4059
3031
1727
9063
8197
226
5710
236
8087
4764
6836
1952
3544
6170
2257
4808
6813
8940
905
3039
9182
7592
825
1299
1870
9736
2151
3260
7198
5972
6176
2137
5366
8764
7477
9403
7811
3210
7320
8138
8438
4269
3557
4949
4191
3874
1783
786
6021
6587
9677
6274
1774
7622
2828
5698
2516
140
1634
1799
8129
3137
8691
8786
7352
739
2809
7378
928
5069
6518
3267
7600
9559
4084
9779
5191
2662
4414
8908
7311
1277
8842
6007
4801
870
8723
568
8361
8742
8352
9262
3442
8739
9439
9791
5072
5971
8404
