1507
6307
3802
4298
8003
3315
6879
6302
3117
7341
6187
9416
5523
4498
7618
8582
6704
9773
5846
4674
8703
4100
1089
4387
5931
6430
7496
9198
473
5960
4200
5234
6257
2918
9851
1963
4467
3046
1646
8194
4511
9552
9583
9347
675
3009
5196
7418
6435
8343
3849
4704
3413
167
4316
806
2211
8261
4191
8827
6763
5939
5739
7399
6592
7813
3165
1196
1138
322
1602
4068
9059
1920
9261
6418
465
6740
4820
6088
6893
6005
6477
9169
1273
893
7715
4935
9405
2487
1635
4910
3155
9990
4071
7050
4319
1549
9666
8351
2364
6853
8304
5274
7615
149
8343
5610
797
2939
3441
1258
9143
1630
9216
9359
6889
6376
3063
3842
