5503
8797
3905
9862
7404
4430
3617
9696
3935
6396
2084
4048
3854
8464
8399
4692
8919
1381
5538
4784
9105
3698
9731
9503
7290
8895
1301
1164
3252
4455
8955
9991
1977
6616
2870
5541
4904
5981
2943
1852
9734
8957
813
1992
3879
3604
2290
4139
5220
9198
3979
5439
4046
2720
1356
2261
8999
412
2781
6795
8102
8705
801
1833
1575
7334
487
331
8721
2700
1038
3899
8232
6855
8388
9181
2218
8476
7604
8173
5647
9767
4505
4921
4733
5435
9598
1928
7825
5527
3373
4791
8732
6126
2837
7941
854
1069
5794
9677
1414
538
3492
6880
9174
2571
9762
239
3980
8947
6747
120
1085
8024
1484
5464
886
2532
2371
5783
823
8666
8309
9504
5921
6374
6031
777
5294
1874
3158
3748
5904
9674
8123
8498
283
3966
607
2041
8277
2775
271
8543
2723
9845
7815
9974
9329
613
