8768
5478
7450
4276
7433
6861
6212
8260
6996
1186
713
2264
6505
3556
3674
6746
1765
9939
1789
3594
1372
9577
7262
6636
7721
9224
4974
7105
704
6294
2986
8289
7896
4581
5654
1068
5077
2544
8558
2453
9317
4428
3657
6549
4507
3779
4978
6947
8646
4580
460
3074
7200
2804
6415
7358
2025
7986
9017
5196
6581
7644
606
8147
2002
8698
248
1731
9380
9349
3889
823
6934
9829
2660
8717
6790
4694
7763
5360
3038
1997
1252
2106
4223
2730
4513
8051
8458
2541
7671
4512
3386
5326
1517
702
8394
9134
6565
2238
5960
8595
5945
8393
9972
9776
2611
1755
9374
1780
5222
8188
2576
7440
2343
6238
5205
885
4917
8655
5797
7918
3590
8796
8528
7231
748
3447
4142
1293
