3185
8004
456
7097
3457
4989
1816
8713
7115
6169
2259
3631
2778
6431
6848
6316
3161
7282
7556
4291
5367
6885
4008
4646
349
5597
9768
3400
771
8161
6417
1819
4951
1151
5976
1645
4398
6454
1187
9706
6191
106
4322
2566
4370
311
9055
578
1340
3489
3786
1025
8060
1549
7089
6879
222
2495
352
8213
3578
4484
7987
6668
5790
2569
3856
4694
5245
3887
8060
9760
4657
9036
9881
9845
1783
689
6324
1549
4774
7984
3485
8003
5373
639
426
3949
4886
8052
9256
6164
3286
5711
9678
408
4168
2489
4549
7854
3419
9425
6698
7456
879
9662
4629
9749
9078
3351
3381
8852
1024
561
4533
2766
1539
5882
9411
4782
7218
9745
8798
6015
2229
7345
2634
1212
3482
9056
7511
9888
7301
4047
3068
6639
4206
2761
412
3152
