9870
4188
3555
4708
2689
9979
6181
2251
7556
8164
9319
5827
4277
5890
1179
1473
5953
8147
2826
7027
8281
8253
4713
7817
3634
2130
5438
654
7361
8056
9482
7118
6440
4756
2202
9427
1387
7908
5509
6483
8624
7021
1464
8938
4950
6114
2644
5692
6317
7047
5197
1045
5786
3497
3543
4270
3215
8914
6497
6084
6854
3339
5757
8358
5053
6211
796
1370
1024
3384
4242
941
6031
2846
4872
1528
4228
1905
5939
5782
5415
4556
1188
6377
1847
5633
4960
9649
7079
3750
3485
968
3751
5321
6165
1085
2558
9432
170
6200
3507
3448
2115
4123
2755
4148
5476
865
801
4030
1272
9604
3371
4332
9804
6573
4590
3142
3541
8571
789
2952
8809
5502
6018
8067
5156
9947
7963
7945
5706
6926
6512
231
9895
5418
6231
1548
4434
2690
1718
5520
4000
110
1355
9989
5731
4616
4861
2873
7136
8867
3193
6492
556
3771
1319
8783
682
8899
3840
2346
5582
3842
5410
6701
7096
9276
3156
4313
