5453
5112
2108
1605
4568
803
5907
5184
8377
7679
8692
5250
614
4230
255
7533
187
3255
5252
196
7803
1012
1182
3178
5875
9115
7830
8683
1768
7884
8184
4300
3522
6089
7707
1662
2988
9027
5650
9123
9272
8866
3228
7808
5840
9674
5555
6185
5569
3464
184
4469
7647
5656
4392
4851
1286
956
3407
5476
8883
5094
1022
6019
7472
1173
7634
714
7757
5138
3447
6261
8861
7013
6203
7749
6921
4698
1471
8187
6320
9815
5254
7233
1228
8484
1606
7743
7557
3442
9990
7684
8954
9393
3363
7383
2548
3975
7536
2652
9547
5445
5697
3465
8790
8240
2598
4944
911
9487
6248
212
9157
7386
7836
6201
619
6993
1610
251
2433
2508
5325
5397
546
6319
8302
5469
2291
9155
277
1384
4597
3889
8237
6386
6426
1332
913
5432
4511
2629
5880
581
3071
2914
9031
1868
7123
4001
8535
4295
736
5844
2576
6169
5490
2326
8333
8392
9350
3316
7881
8749
4613
1291
9686
540
9351
9354
8042
2004
4295
3972
2071
5110
4898
3631
6403
9724
