6727
9331
1225
6274
9693
5051
865
8104
2805
2006
9048
1547
4982
1790
3709
5105
7129
1219
7682
2462
3182
6351
6844
4634
3613
2216
9521
6795
6605
4118
7329
3611
5616
9293
177
4473
3685
8970
6316
7965
1852
1934
8782
3203
2081
4049
4858
5038
3221
7668
7918
602
3745
4557
3656
5241
3761
4962
4019
7840
971
8468
2973
8877
2490
2810
8721
2570
3934
6892
6423
6348
9575
6958
1275
1853
1515
4424
1607
8631
6150
2394
1102
8528
6410
1416
157
9186
5177
9645
8359
989
3255
6145
1381
4245
517
8844
663
7550
3518
3899
5180
4093
8890
3310
6110
4688
6010
1196
3863
8499
3014
1166
5338
3111
4504
2230
4912
7802
4860
306
7133
7740
7329
4904
5365
7564
3090
5337
2022
121
1250
6968
7895
1875
4806
4540
5822
9106
5071
7603
956
6270
5613
7746
2469
2176
7467
5704
3129
5077
6668
5787
2574
3562
171
5757
4847
5491
9543
991
5858
2776
6293
3425
5686
464
6158
8028
7725
6392
3762
1000
5258
822
2083
9298
7816
1628
7685
5045
273
2909
5552
1156
3018
9443
7574
8328
9341
8555
6535
3159
7139
8885
6322
7951
7016
4508
936
7160
3128
2269
4521
3582
1219
3923
8365
4152
8077
620
7073
8995
1452
6443
9775
8318
6332
5847
8692
6945
7004
2805
2854
8473
6660
4787
9267
4760
495
6437
2402
8669
1041
9052
6861
3856
2761
724
