7598
2852
970
5327
106
6672
2526
1797
748
7591
9016
7017
9378
6742
237
4885
588
6584
3245
5552
9227
3394
3075
5969
4697
263
7690
870
9035
7491
348
5445
5579
7957
4432
8064
5624
1339
2174
9458
9499
3584
5426
5240
4693
2004
573
1889
9302
8604
829
8867
9690
9955
6935
6983
9222
5043
376
7336
9826
8776
9903
8967
4485
1547
9842
4509
6079
7921
4913
5448
7641
6218
2966
6775
2289
8663
4543
1497
5585
3255
866
8418
9322
8633
5595
5689
8359
5566
5089
7579
3183
7865
5955
2552
7613
1020
5023
6066
5980
3518
3152
9903
391
7232
1541
3093
7145
6888
