9416
1751
7553
1433
6882
843
6347
8169
8507
2198
9987
8406
8293
5351
9984
7788
244
996
1349
6333
1669
4595
9922
6093
8983
3581
4692
8796
4816
3635
2467
9865
226
8189
7365
4940
4121
6997
1760
6000
6277
6966
1211
3103
6844
9386
7762
1463
2941
1258
7623
9650
8012
3258
8263
8133
1449
6777
7888
6787
9635
8868
9693
4382
3134
633
377
7103
8397
7212
1674
7609
7659
9196
4709
7115
7433
7593
4182
6332
3485
2569
5618
836
4151
4858
5333
264
5853
200
4721
3163
1892
2473
2771
9958
777
3683
6901
1376
4802
3403
6556
1554
2615
6056
9804
7356
6971
3761
3133
7044
6149
8019
8173
5151
3183
7553
6460
1148
