5675
9853
6941
1784
7757
6400
3078
1348
1493
2624
4859
7180
7014
5851
691
3487
8930
8542
4189
6646
1224
6338
4466
4816
3969
5489
3644
7014
1509
7857
8840
6530
7632
9771
4040
969
4083
6525
9388
2165
6237
8763
9301
7708
2779
9974
5570
7712
5863
1003
9664
6822
391
3084
6282
1065
2599
1974
560
3434
1331
1495
1374
4330
6410
4683
7611
1405
3146
4913
2307
5106
5724
597
8260
2436
663
1735
2431
1861
4570
9962
9224
4872
986
7489
9838
8473
9214
3742
3119
1034
7667
6993
1137
2811
4315
3766
4145
5730
