7023
6728
9238
3333
1365
1595
7104
5663
3340
9998
218
2946
4942
6645
3589
2197
9175
3150
7277
9081
7434
2913
1695
517
6553
9889
4033
4459
657
3089
4987
9428
6609
8216
4634
2569
4767
3834
2643
730
4351
1500
9684
5800
4073
9181
2743
6051
2248
5593
2148
3844
4839
9332
3548
9026
8228
8020
9410
751
128
575
3949
3664
7560
495
7538
8112
815
6668
5375
1607
3217
7351
2797
8685
6960
2249
5719
3171
2880
4152
9134
3883
1086
2066
6424
8784
4268
3951
5410
6511
4650
9170
6641
2943
2569
677
6287
4599
6121
645
3029
4500
2023
1950
3573
8592
3471
1278
5553
2003
1419
2681
5257
9142
302
4627
1719
3080
2920
2853
233
9757
5870
7791
8112
6479
5278
9703
8143
877
3890
7086
8656
7812
9755
807
8643
6357
8495
1724
581
572
5900
1745
9136
6500
4259
4833
1687
3851
5003
4559
6223
9522
9712
988
6351
401
