2887
1448
8992
899
7644
7415
4186
7856
1116
5165
5193
358
337
2563
7316
8798
5523
8561
3209
8266
7453
2492
7695
3334
4143
5738
3805
6775
884
6176
5977
8792
3960
1823
4375
8610
3357
8314
8113
7985
3266
708
8473
6871
4367
9504
272
403
1467
3847
1137
8630
4400
1531
9068
430
4498
3751
437
4347
9799
2658
7135
3070
3120
2955
1908
4186
590
4863
942
8382
3740
9838
3158
4099
1611
8692
8959
4903
9268
9473
8113
9462
8499
9629
552
4778
4343
7985
2305
195
8659
2093
1728
5200
1759
2529
572
8989
5955
9844
3095
2239
8470
1071
2304
6133
1817
1285
2918
9146
1926
9136
3909
2898
3529
7704
4465
7308
3873
7140
1114
7092
475
6785
421
4365
6075
8779
3614
3036
7240
5137
3385
6922
544
6352
8606
9004
5238
8028
1077
6166
3411
4166
3754
6291
2041
5683
3508
5691
4638
9357
2532
6070
9243
407
6510
8395
