6515
3426
9545
2768
5726
1229
3394
9625
2124
188
6978
8609
7721
4538
1943
7771
4110
2895
9066
9988
8834
1751
1345
1572
884
9600
1809
9081
3014
5130
3616
4457
3826
1325
3298
4563
8037
6851
3212
1706
6543
2233
650
6041
8487
9736
8381
9671
1035
4370
8749
3982
8971
3456
2663
5295
5758
7896
8653
3981
3983
9898
1856
5685
1547
4721
1745
8175
7067
6148
5174
4436
4200
3311
6292
3475
1787
3865
7380
1158
3955
5628
9124
7601
3602
4939
844
2208
4753
2041
396
9096
7798
7660
9677
5065
3255
3882
4246
4619
5379
8678
8388
9928
4095
9206
5017
4076
5531
5736
1340
2979
6118
5347
9341
2158
8549
3528
3166
567
1592
7726
5794
8707
5878
2203
3207
9506
6003
1747
9070
7595
3899
2833
523
4752
8449
5512
693
1331
376
8759
3094
2273
8217
723
307
3230
6901
7749
882
9433
891
8222
3497
4548
7011
4988
368
8688
