3054
9592
853
1986
7834
9178
2319
4029
4732
683
2922
4320
8998
4736
3964
4683
8896
659
9704
6779
6579
8817
5481
5908
2526
3101
1252
2492
9073
1740
5982
8856
6095
5370
2600
801
1701
7908
3986
5961
266
9846
7682
7639
9750
2744
6999
9832
9633
1462
3984
2350
7211
3470
1545
9197
6211
2199
1987
8826
1779
2561
6199
7402
8830
7522
6962
4157
525
1890
1781
3277
7686
5937
8465
6748
256
598
7417
6867
4109
5160
8594
7148
8135
4781
2584
2459
4301
6500
