8615
2064
8008
9972
7740
8935
1697
5023
7365
288
8187
1596
8872
8281
9529
7451
6840
416
191
1868
9010
3013
5459
3380
2829
5597
7412
8042
1302
2134
3492
3761
9297
6371
4434
9329
282
3980
1756
8861
320
1008
1244
5554
374
2388
600
6698
6499
9501
2983
9251
6444
3129
2669
2846
3816
4760
8658
2649
6975
463
6369
2693
573
1778
589
6985
3506
7257
6190
3055
621
6990
7994
9848
7226
6933
882
3424
7159
9841
2230
4229
6599
4421
801
8003
6502
2914
5919
5506
6350
8619
3894
8843
6453
4668
9233
5442
9627
5062
6532
7128
1445
166
1935
179
6371
529
5024
7418
4935
9003
8528
8034
9700
4147
2823
1816
