3072
4061
7909
1609
7544
8285
5699
4693
481
5332
1639
2829
2487
1231
127
4062
888
2122
9100
3302
8475
6934
9499
2919
8957
2072
1908
3491
5365
4758
2119
4010
783
6298
7839
6479
7273
8921
3491
5449
8008
2023
5621
3606
4127
9914
1406
9028
6840
9202
5096
1444
7665
4754
9780
5001
5830
7937
7952
4801
2833
579
2828
9955
4240
2030
1072
778
8437
1861
7348
9553
8647
4363
6079
2471
8191
7439
6025
6064
4208
2204
7020
2386
6041
4008
9491
1008
3443
3515
5910
8198
4684
269
5941
8569
2084
9806
995
1366
1172
5384
7188
9446
4890
5384
7037
8214
7084
9923
3918
4279
3197
7408
2805
2721
385
4071
8258
9339
5953
1626
6892
2327
8058
7570
9680
2285
1027
1738
2772
7491
4531
4364
1953
8023
5759
4695
9410
1402
6757
1780
9725
5978
5406
5874
8658
1212
9948
6988
8493
1692
8021
5993
8823
9412
827
5863
7397
4686
1034
920
2015
9098
9707
4972
6994
6254
2531
5127
7348
4182
3087
5188
2342
1554
4593
7671
7256
595
8497
520
207
8912
425
4659
7346
8688
2931
6260
5700
4358
3727
7316
107
4323
5579
2592
1719
7500
6612
383
2096
3514
7899
7775
9808
1367
7483
289
5502
5271
8990
635
2049
2691
6266
3842
5915
9992
