7247
2059
3880
2962
5247
3411
6656
2083
6933
2117
4939
9312
4002
2434
2457
6557
9694
9024
6384
259
9803
2172
2298
410
7474
452
2954
533
7213
7897
3214
7263
3092
647
8458
6253
7929
5040
4262
7557
5557
140
6770
1058
417
6274
3456
4803
366
6157
5728
6631
7946
6613
7454
7633
2973
8408
832
6045
163
7240
9649
3736
3175
3175
4325
2899
7577
9378
3898
5596
3185
3166
4873
3305
8536
4079
9956
1949
8108
8484
669
9079
2848
5853
8259
4764
4920
8728
737
446
4090
7265
9608
7762
2614
125
8797
9160
8429
1106
6410
9080
515
3719
1804
1722
9642
359
4169
6077
2145
5396
4093
8340
2546
7038
1458
8747
8968
1473
1654
4782
3765
9154
3790
9375
7043
7063
9687
2537
4875
7496
4245
4392
3222
3220
7845
2826
5473
6934
2013
3154
9113
9234
9494
930
2757
1464
8576
8092
5627
4344
6792
6467
1066
8213
9206
8492
9338
8246
912
3867
3003
2254
4823
4169
7629
4269
1451
6623
451
2816
3660
8422
3834
4136
1876
4214
8438
6170
8579
7367
5218
1606
5547
6821
1772
7108
4038
7573
8145
3619
7622
2080
8697
4456
571
7251
5382
1981
1923
2791
1481
6265
5783
300
9321
7491
