8709
224
7560
310
3599
5459
5460
5539
4628
9362
4295
3973
4845
613
5626
2715
6280
1894
404
9014
6179
472
5436
4734
6857
7685
7176
825
9673
4599
7639
4365
4048
783
2325
8461
3890
1151
5591
7844
8535
4272
137
4001
1069
5147
8823
5724
9124
9869
3321
5385
5575
6049
8568
3447
3036
6686
7000
2996
6632
7752
9371
4366
8472
6069
9226
1190
3361
7389
8381
5997
4424
1504
7800
9679
7527
737
9449
5287
9288
2310
6019
3817
173
286
4451
1500
3208
3083
4753
739
9067
1812
8914
2507
9872
8308
1769
5333
1790
4181
9243
9429
6862
3501
8030
9357
9942
5108
4799
9902
8404
4897
2489
6475
7550
3880
158
3035
7168
9366
2743
4773
6820
6094
2565
4059
881
9007
