6662
2968
8695
3814
6426
5674
7694
9719
1720
3250
1325
3080
3232
3870
7244
6227
9745
3624
6958
8274
5089
8017
6983
3753
8506
1917
2691
1448
9118
1579
2955
2825
150
2320
5750
1739
4975
4087
8740
4717
5147
4008
7269
2842
1623
5322
9488
4222
4459
2087
7495
9650
2385
7366
1477
2610
433
3732
2200
4141
2102
1385
6083
8168
9982
7533
4719
3074
2097
6039
1549
2245
6178
7461
6427
2780
8963
9145
8678
8412
7506
2887
6477
9807
3073
2652
4746
388
567
8666
8928
3456
1462
6804
9113
5175
7847
2452
7765
2385
2954
5940
9523
8367
8550
5767
2219
8110
6504
2265
7486
2728
7851
8201
3238
9773
836
1695
5197
6972
3745
4295
9836
2852
5972
9785
7977
3290
3206
4877
9979
2988
1171
9853
4086
7221
5355
8851
445
3811
1115
6216
1354
9646
4709
6318
9877
2114
2103
3063
