148
1995
4853
8018
185
4428
8610
404
3572
5641
356
1437
2966
5753
5382
2161
5699
8748
1046
5610
7701
1675
6955
9786
2421
7999
621
1558
4248
9612
4312
2929
5108
1368
6874
5143
9930
2977
6983
7237
9438
5539
2014
7120
6320
5786
1990
2017
1910
4887
9103
5298
2223
3372
2215
2188
7637
9967
5306
8890
7980
7535
4182
1170
9299
442
1708
5664
4976
103
8363
3106
3055
1187
1382
9568
9117
4440
5164
9651
5052
9941
460
8523
3873
6749
1416
634
4496
8348
4144
1303
8294
3000
1999
5669
6177
5593
2621
802
3182
2694
9105
1847
6856
6080
3364
5462
9554
1149
2157
5510
6770
4044
6029
1209
6003
5368
1573
6758
