1154
2212
3664
1077
3943
6915
8723
7612
2897
8345
849
2291
8648
3419
1060
4913
9975
1980
9067
7244
735
4971
9375
8475
8960
2024
8115
6613
3303
7916
4417
7731
6453
763
4980
4223
9968
7145
6059
6716
7427
2149
1075
1120
5578
4707
4817
4020
8132
1246
9269
2494
4366
7248
9550
6263
262
2937
3606
4157
1372
9725
870
4365
1079
3315
6062
8258
6553
2054
4757
7318
6421
4462
3966
5950
9385
4764
3900
767
6198
7709
5028
2806
8115
9990
1967
2606
4628
8361
6499
5436
4566
169
9955
4655
2077
6156
8075
2467
5611
2200
3495
6236
2319
465
4184
5881
3363
3845
9195
4683
4751
2631
8800
9469
774
441
487
6340
