5205
5407
7879
2597
4432
4143
1918
9849
7800
1931
4060
9365
7078
6838
5378
5154
6346
1053
9950
2282
7225
9177
388
8913
7732
422
7972
2136
7032
5317
526
8251
3976
119
7522
9882
4627
5261
4951
8517
2375
2297
3137
3830
777
821
5213
756
2145
9244
6507
3518
2515
6607
7462
6508
5642
7726
3670
7230
8294
5372
3178
445
8011
4508
2883
6617
1566
3175
3215
7626
462
1186
2938
1834
4517
1805
9464
8276
5678
1436
939
6137
1506
7562
5372
7022
8808
8203
8893
8815
6107
9008
9796
5121
418
764
4706
7508
3915
5513
3173
6045
3021
7191
4066
1538
6755
3094
7797
5387
6839
6189
9608
3193
1010
5340
4003
7617
9290
2382
9109
2446
2248
8363
9896
1832
4488
4299
192
8128
4547
7815
8793
5528
7577
2312
116
4635
8359
8302
7794
9551
2797
2849
7856
3107
9518
6193
7609
4771
5399
2404
3717
3242
8617
162
4311
4082
8828
2632
5108
2372
3009
3792
7538
3436
5464
4152
4145
670
8959
9570
2120
4087
2957
3897
3426
4228
