9616
4922
9845
2488
4943
314
3886
2136
5705
6697
2159
3775
8633
3542
1878
9942
6122
5987
4174
4398
1018
1897
5538
8870
2087
1782
8783
4139
340
5990
919
8539
1772
2861
1604
9747
9078
9365
4060
9589
2879
2301
5770
8893
6721
9600
1042
4125
4707
8524
7763
1227
9969
3900
1926
2928
1076
9277
8931
8458
3942
4533
1711
3781
8234
9356
2202
2308
6852
5982
9971
9527
4945
1590
8240
5867
5865
638
7029
3701
6456
249
6980
2193
8920
5344
3399
1665
8611
1361
4162
8451
5460
3963
4247
9960
8690
2872
904
8973
3124
369
3574
7726
5815
9301
6415
6541
5015
9172
8588
6103
3791
7036
7056
7579
2116
9786
9630
2309
