240
2269
4712
9036
1271
6772
9928
6066
2396
6715
4828
8300
2154
5694
9105
5746
2603
9313
2104
4712
6541
2788
5323
9664
5625
8637
1218
7125
1880
6401
4016
6369
5586
429
614
1530
6290
4182
4647
4535
1087
8353
2675
5827
3546
8799
7216
3377
2735
3395
6760
2942
9615
2634
4708
3153
5253
9704
8341
4775
4849
9533
3764
2396
9596
4700
9967
7484
7675
2379
8208
6367
1825
1401
6012
1003
269
2475
877
3934
2602
3082
461
6285
9238
8679
1782
1531
8046
7399
9089
7244
6817
7247
9778
8208
562
1922
3004
1812
1765
6486
8728
4992
2929
9131
2999
396
9193
6955
6243
7537
2367
4879
1229
299
4616
7967
8726
6198
2991
1757
6561
8353
9350
4195
6787
5358
8918
425
