388
5349
6947
6900
5053
3227
6574
7554
2300
3681
5312
6562
6819
8556
4674
7835
5902
8934
8904
6872
1120
6925
8109
5793
9647
3245
5809
1099
3956
4891
9490
9960
911
4708
9165
4938
7967
8391
479
1194
3289
3505
5224
174
237
9899
9383
6346
4973
8148
4543
6433
6960
435
8123
6690
3179
9722
4625
3618
2985
7843
4018
7370
734
3422
1156
148
285
2250
6659
5312
9815
7540
7333
9926
7402
4587
1706
7984
2667
4809
8335
6057
1967
6258
4226
1565
5127
3039
7978
3395
6937
7198
8727
7477
184
4657
5766
8523
7293
4054
7666
8489
9258
5693
2472
7489
334
6466
2834
8696
9187
1544
8225
5309
8814
4507
3984
8679
8860
9930
359
2966
4852
8244
6687
9168
4259
7604
3774
5958
5273
2374
3114
1556
3558
6657
3694
3726
2765
6715
7583
8933
3448
2500
8271
2114
9263
5557
9251
6528
2346
6797
8960
1874
802
6448
6829
7331
1793
8422
9072
4500
4518
1700
9561
9037
980
1285
8462
6587
3979
682
5584
8248
8115
5845
9149
9855
9089
7293
2876
4185
3174
3440
1918
7563
9156
2004
1592
8361
8591
6324
5297
9913
9213
9710
5087
4577
