2133
8301
1553
8657
6943
3240
2215
6970
3782
3666
3960
2477
290
2523
9289
4680
8391
3344
7890
5962
6485
4644
9531
8908
4665
2199
7019
5649
1137
6602
966
4810
2677
8272
6991
9034
1555
8037
3360
7746
5712
8002
615
7422
5979
2942
4462
1189
8126
1819
1551
9060
4499
7462
3345
6832
6625
7716
7324
799
3450
3337
6967
354
8033
3406
640
7508
2733
6599
2901
4986
9978
8538
8730
624
7563
8495
4313
7832
2127
895
5455
9518
754
2893
9600
7864
481
588
1733
6409
5402
9736
6977
8199
1046
866
3580
2952
3777
5150
738
8834
2275
7533
3556
6646
3344
2273
