8800
5864
4903
6005
134
2978
5592
9575
1299
7632
6427
9708
1871
492
7736
9210
5138
4770
480
6383
9562
8308
1340
9462
7972
370
3873
7414
5531
447
7633
7241
3509
2982
4521
4974
9802
5257
8188
7991
6320
7187
8144
6660
8321
3366
4013
1293
6987
7147
967
2037
7006
7354
2564
3111
7650
6555
4854
7853
3302
3666
7141
6839
1238
7307
4140
3131
3366
4823
2773
8683
5033
4165
5857
363
114
4298
231
691
6316
4185
4012
8684
6797
6753
6817
8202
5711
5470
2753
1147
7538
6991
6683
1702
9887
2706
4857
6514
4218
9698
7334
1883
1858
8203
1274
4783
7757
8648
