6073
1129
1992
5237
1676
7410
2408
8685
6781
7093
5836
7896
9858
9486
4433
3093
1726
8920
9593
6966
7422
6634
187
8861
8842
9809
2251
3023
7222
7546
2946
2517
9597
4465
606
1713
7172
7335
1160
3907
6785
1605
1356
1648
2126
6062
4389
323
2993
864
7128
1237
5955
121
5130
3148
1034
4238
3986
9628
3523
1050
6982
2594
5917
9591
9064
2757
5944
8988
8723
9141
9174
9887
7784
8208
5475
5893
8551
4741
3872
5701
8705
5692
478
5713
9892
2526
102
8467
5960
6502
1410
9599
6156
8990
8541
6669
1267
1241
3596
3400
3574
9071
6977
5684
6746
7712
5279
1973
238
2020
1468
7492
6751
4306
6653
1082
2517
172
4854
2900
3274
5023
2450
5458
1054
7477
4369
1389
6785
4373
3340
9864
8213
3043
631
5783
4766
3021
