9950
4337
6895
5057
6921
4069
7909
5145
7153
5009
5018
2179
7388
3482
1113
6227
7511
2057
4032
9196
2110
3982
1306
1569
5292
9033
684
4850
9257
630
366
6305
5008
1031
4121
6230
4924
3352
3800
7675
2011
4981
3813
4637
9051
716
2209
1433
6829
3092
4438
9567
693
6652
9666
8008
1898
8194
8327
5332
1504
7714
5126
870
4271
2111
3290
2004
7671
4930
9764
7966
5789
5183
1074
7922
1430
9118
9228
1297
9406
7742
8210
4712
706
2386
9149
5740
494
4510
6783
3266
1122
3792
2596
6354
660
244
553
7086
7919
1870
4871
8682
9706
1338
1597
6956
5759
1242
6812
9983
7518
2342
3422
6379
662
4155
2908
5905
4119
2231
4515
9121
8766
6038
6266
4037
5354
8252
2870
9009
7936
3616
5417
418
6315
1733
4958
346
3005
703
5522
8230
8870
4650
3984
2346
5182
5483
7371
150
6364
445
4580
3668
3157
9460
7683
6035
4672
8795
6003
6580
7092
5910
3131
9202
974
4665
7897
1606
7205
8543
8199
5280
1215
4140
4715
9545
