9950
6005
319
8126
2766
6828
2405
3756
9324
9375
9049
9857
9822
3904
5896
906
201
5670
2459
4016
9287
2420
9813
448
5172
822
1230
7787
2861
4585
4209
5172
9702
6678
9067
8397
9548
6859
6599
5371
2574
9934
3012
1252
9999
2032
1995
387
9637
9265
4415
2512
6719
7371
589
1559
1951
1236
5162
8229
2514
7463
2552
2515
6425
5853
1415
5078
523
8192
7943
8121
7370
8132
4697
7155
2132
8260
6771
6796
1185
4579
659
9016
1245
7374
6707
3179
6535
7291
9590
9293
564
6387
4259
2699
1510
6343
9719
3970
305
7941
8983
3716
1315
7771
8741
4935
1008
2248
5089
5547
225
7989
6282
297
121
802
5992
8104
2267
6448
1950
3785
3373
2135
2314
2938
6879
3349
