5493
308
4345
7646
9636
1584
4087
3354
6476
8458
3013
5575
6008
6617
9691
8921
2519
9590
3641
2773
1391
995
9039
9596
1900
8608
4498
6292
3317
8949
5071
1759
4991
2743
5196
1950
443
4464
7297
8400
7865
4912
1942
8477
9829
332
5176
6712
6029
6130
7453
518
3698
2006
159
9970
6896
2808
8874
8424
9179
7062
9692
4748
9079
4718
6190
5125
7334
3536
1320
5855
8046
721
6626
5685
9105
8974
4833
6974
1985
2294
7001
8229
5253
2822
4727
4421
7555
9884
4602
316
4913
5548
4804
9368
8623
8392
6071
5396
2055
2914
4019
2138
7776
1868
1296
2299
4325
1625
