2732
365
6592
1932
4047
4940
104
4781
5778
8629
1233
9568
7359
7563
5412
2899
6965
1386
1465
3651
4655
5774
295
6701
2473
2988
9442
3103
2299
1249
9054
5183
8091
2547
9182
8473
3559
4596
6269
8687
4001
4081
876
7600
5604
8146
4413
3986
7473
5986
1503
6315
151
8620
3253
8632
1499
7147
2974
7955
5400
936
7187
2463
5996
4655
4260
4322
9926
7921
6272
1237
4977
292
1604
3291
3814
3097
4279
9214
9119
3706
3318
3184
8487
7312
3705
8610
3132
5267
9901
4376
9963
9267
2079
3022
3715
1536
6535
8214
4026
6686
2441
2855
4132
1728
6993
2898
750
3344
