9105
4756
8750
5571
8188
6130
4701
9307
5719
8811
3466
1391
8681
4570
4887
511
632
6329
6561
6311
5445
4029
6832
1077
5556
3017
3192
3532
2403
4943
1381
6024
5766
2864
5113
1849
3855
6027
2891
2589
695
7832
6840
1731
5101
908
961
4794
7778
903
8859
3576
1426
9494
6532
2987
1621
1425
3355
7203
9180
7496
4195
8858
2242
7014
8912
9095
3565
8668
3657
3653
5196
2628
174
2967
8228
4021
8506
236
428
6572
8912
8311
7236
6617
294
8815
5813
6620
5103
160
7589
7416
9946
8645
2354
279
8983
6031
3340
2270
7061
1224
7472
6971
782
1211
9837
3249
4463
3023
5338
8565
2748
4787
3930
5668
8056
5091
