7531
6948
1968
9779
7422
4937
1737
2344
2647
8911
2369
2389
3897
1811
3130
2975
585
3288
3761
9289
9968
3480
7998
7252
1278
6470
4924
2290
4868
5425
5298
1717
8240
7389
5716
311
8973
6468
2616
5958
7707
590
9170
504
9418
5992
5959
6329
5846
4331
9885
9506
1558
8618
5978
1065
1620
4313
8673
5585
3646
6069
4351
3653
8307
2794
4086
2384
7142
1025
1419
2897
2976
529
2313
6194
8238
6617
443
4920
6235
2439
4220
1362
3278
5128
8218
2595
4677
1872
3341
9736
5722
5215
2109
5718
6146
6561
8496
5098
5378
2271
1644
9009
3088
4720
2804
6133
8416
6524
4098
2947
2535
4557
2537
6701
5103
4127
2170
7484
3784
9254
7775
3932
8347
4217
7815
9400
8196
8534
