7372
4898
2159
4838
7838
7530
3838
6820
158
4676
8137
4635
6405
8336
6882
4581
5261
7237
9758
3710
8438
9536
1083
747
9378
1606
2624
8075
1984
6679
6752
1315
7828
9517
2014
2839
7748
2145
293
8958
9011
7193
3680
7238
9070
2299
3938
1040
278
7185
4234
9638
3956
836
7210
5078
1142
3110
614
3716
1310
8108
6782
9235
2535
5063
4899
2497
7840
6877
8735
1354
9039
6518
2785
6837
9471
7451
7427
5045
9728
1429
6134
2310
2144
8729
9814
6115
979
4801
989
5323
3449
8883
9283
673
7778
7480
9586
1210
703
9709
3486
7922
5705
9443
9684
2654
2173
6185
9216
7872
2833
5020
725
2099
6897
2717
9286
9007
6667
4475
7364
2720
3986
5062
1750
2171
2443
1249
9290
9030
3373
622
4539
7632
7904
9154
9138
9915
5515
2724
1761
2796
9690
474
4650
6307
2529
9998
