7961
3066
262
3506
781
6752
5273
270
3274
788
3975
9646
5811
2002
7406
3756
1287
8614
1909
7898
2074
5700
6217
8826
9634
1948
8495
1640
7607
2419
339
4073
7438
5498
4073
5069
1921
5473
652
7589
8374
5220
1992
214
3483
8058
5475
3067
3026
1830
1749
1343
4776
8266
9200
2176
7484
585
1901
5232
5090
211
1965
7235
870
8891
7360
4325
7732
4922
9211
9854
5878
7370
2112
3817
6732
7651
2940
2925
6804
8567
4805
1306
8536
3702
8994
5403
6529
8526
8282
460
9075
943
8739
7976
6762
9660
8520
2558
8700
768
6897
2191
6012
8037
4733
7907
4171
2410
6957
4418
2781
7345
4923
4327
9721
7524
6734
6858
6122
1346
8628
1927
3885
1303
4627
4359
8485
1360
3801
5102
6142
3178
8966
4226
6314
9249
6562
8950
3839
7021
5605
636
3551
2311
9917
4956
596
7303
2982
5908
4592
818
8488
5340
9434
3629
6832
6814
2736
6898
7310
1097
4189
682
2782
7199
5131
9674
463
3722
2033
7334
4118
6808
437
5448
6260
248
9217
7006
8341
666
2967
1614
8691
457
4793
5645
