4069
8942
5099
9903
3847
7996
7178
208
4343
117
7437
9213
6433
3152
2012
5758
6706
6740
6036
2613
3055
4578
9096
3678
2976
4437
8720
8726
1112
7359
3513
6854
9339
1697
7140
6361
9794
538
8653
9041
7169
4732
4981
4342
9355
1957
1604
2686
968
9048
9006
1174
9901
288
386
4985
8986
3184
3494
4903
5393
8571
5625
3675
7901
531
3196
8342
4189
6562
1193
7290
1351
9585
5645
6265
8693
9873
229
5467
2682
2487
4578
9316
2972
7319
2736
9631
6899
7251
3519
8952
7078
2172
6949
2678
2232
5952
2171
7133
3757
1484
686
3356
5145
6437
6177
2144
990
3185
4135
5762
822
400
8324
7073
4959
1134
8218
6997
5490
3015
1339
8635
4363
7323
5785
7524
4799
2079
6902
1694
3686
6008
8887
8208
3500
6358
4804
2066
7588
8743
4618
7046
2467
8890
799
2803
212
9544
