3036
5050
9676
2076
7601
3449
9238
1913
1423
2177
6506
4707
2371
5601
3564
8097
7678
8368
2445
9268
585
7894
4358
2372
8320
630
7187
690
6028
1644
4163
2224
3716
7506
8242
2262
8901
5080
9235
5497
9470
5376
9954
6403
7587
4684
5079
1935
5603
6803
499
1406
8050
6741
9639
8048
438
8941
8107
1825
311
6038
5598
758
504
9520
5890
4179
2813
2158
9740
9828
5480
1502
3865
7050
5606
8578
7943
8480
451
1024
9603
9263
455
9570
6812
9729
2244
5282
108
6114
8331
7323
7902
3164
5483
5253
6834
9301
