526
8387
5639
5049
3801
667
2489
8545
4311
8722
1646
1773
7910
2857
6937
3797
6276
4009
8912
3948
7294
4116
4003
2655
4674
7026
2257
649
5129
7785
9184
1234
5075
3160
7174
6200
1983
7155
5249
202
5145
3474
309
4551
5826
4183
8795
1928
8560
2833
6472
4485
7504
3726
4209
6971
5963
6729
4349
4751
9291
1368
8345
4065
8426
944
3164
7578
4965
5970
4109
4522
1816
6213
1498
7297
2451
6268
7555
4771
4911
9896
3647
4913
9070
5072
3080
348
3558
7540
2657
245
2660
8212
7167
5429
6235
5870
7546
9895
1358
3735
3180
6345
4198
6359
1731
7488
5752
1644
5153
3943
9250
3198
3484
9737
8465
3447
997
4106
2548
9502
9460
2688
8478
6156
8591
4445
3066
570
7582
5609
384
5965
5269
6717
4418
4361
8096
1548
