2842
3810
5633
6414
4038
3662
7344
9889
6554
5822
7861
7530
4062
8107
9667
4260
1406
8614
4231
4138
853
6659
6728
4467
4769
5654
1310
4264
8566
3424
2322
5647
1392
1902
7622
5413
315
4802
3336
8584
9334
4294
607
8758
8901
6680
424
6140
1102
8825
8237
5919
4375
4174
418
7990
1567
9608
137
9777
9952
7143
9142
698
1580
3291
7781
8339
5927
8123
3925
2137
390
8159
9312
6530
4471
2480
1515
7473
2693
5031
4780
4912
9979
9229
1146
2446
6917
4895
9002
3838
4034
6186
1606
4780
4422
8504
5433
316
4984
4520
9809
2975
8505
5514
9871
6056
8643
3315
4064
2125
7154
4466
4246
2950
2802
2229
371
1651
5030
3737
7277
7535
7585
4973
9697
5127
5624
7928
