839
6047
3625
4169
6270
8544
7120
277
2412
9267
4257
2352
8411
2321
6220
7665
3315
3073
9827
2573
1702
4781
4860
8905
4425
5811
4289
9817
2486
7291
5154
7376
712
4396
9262
1745
4472
726
6810
8746
1651
2748
8550
316
8128
6553
1282
4198
6336
9130
6157
7162
7040
5222
5454
6209
3748
2553
198
1763
4549
2739
3322
9172
1966
9810
8661
7415
1364
6321
6668
5637
3511
6457
4721
9011
3212
7986
6660
5385
3208
8707
9417
2195
2576
1138
9586
1293
538
3677
4983
8308
876
3141
4434
2187
6363
441
4934
5993
7188
7968
7328
6247
106
1588
482
5690
9995
8369
6382
4514
5762
9461
1608
8673
7215
7089
9768
2019
4397
3525
5941
3070
6009
4157
6739
3858
7508
1781
5331
5852
9301
5217
979
5815
7098
7586
4581
1991
4636
6146
8951
6444
1515
8859
5096
4680
4595
8108
9241
9213
9384
2871
8546
9963
6047
8798
3318
9501
9475
1433
2097
9621
4893
6046
1013
3229
3179
8578
8270
140
7696
9857
2331
7947
2385
5318
6483
3405
