5248
9090
4627
1989
1474
621
4875
6239
3939
253
5987
8078
9856
3823
3791
1801
8905
9018
1071
9379
3096
8917
157
428
6992
1540
4592
1859
2557
6539
9043
6078
7980
5819
9845
7247
6295
7940
7767
3177
2628
4965
6723
3184
2306
737
7774
2735
4382
5161
3091
8234
1282
9760
5455
8285
4170
928
7409
9070
5982
6634
2194
7182
2434
2961
2589
9830
8148
3295
4397
2053
2424
2108
7264
3484
307
3226
6352
9950
4525
6954
7442
8115
9200
5235
6378
9367
5611
9972
1962
2992
6000
3158
7753
9357
8252
7103
5182
2230
6178
4982
2366
958
387
9286
2842
5168
2601
7456
8382
8216
9447
1880
9657
2886
6187
6902
6456
6647
1051
4753
5471
7002
1716
7856
9419
341
8384
9175
