8006
7223
1976
8099
7452
4471
4598
2569
8139
9134
1754
5128
2694
3780
3855
7383
1446
7383
4909
6977
8226
8540
1108
8112
5965
762
5324
1554
8896
3419
3526
4325
7135
3501
6244
4599
2105
9469
3280
8065
9006
3065
5112
359
3497
1752
6081
2060
8699
6092
9758
7813
8358
9447
3048
3860
1960
7545
7682
2359
1640
9736
2168
6887
6152
512
2092
828
3518
9752
8600
7048
8851
2907
7483
6487
3740
1703
5795
5537
291
637
4909
1925
9798
762
1744
9531
7735
7915
9305
539
489
5141
526
6255
6238
4604
2416
3923
7902
6390
4632
6540
9038
4084
4333
8844
6410
1595
918
863
9550
7175
8388
9010
5678
1559
9013
576
5920
4534
1013
7949
1669
1706
756
9362
8796
8513
3584
300
475
3488
6525
4024
3390
8978
7806
3682
