2296
8154
7459
4619
6800
7025
752
3941
8669
7357
3498
7141
7146
7226
117
9698
3741
5477
647
7419
6085
8443
4345
3205
1482
5524
9534
564
7537
9666
6243
436
559
8736
6446
5777
9105
6661
1260
6530
9810
7618
3574
7639
1363
7849
6092
1608
8009
3713
1279
9397
1151
1299
4551
6860
4441
352
8993
8363
4244
1236
3900
5235
7421
6009
8216
3153
9864
5613
1952
7595
9961
4361
2621
8454
6241
4388
3441
7644
5091
8003
3419
7268
1017
9067
4042
4520
4974
8519
6573
4294
7828
2724
6084
1650
4122
6675
5303
1175
8636
5118
1167
7531
7366
5837
3146
4394
8314
235
8813
5274
7045
544
6276
6236
1649
1783
8199
9040
6050
920
442
9131
232
9969
2019
5583
5946
6485
6040
5662
9498
9853
9851
507
3872
5593
2983
2562
9033
1581
6094
3325
1434
8588
4822
2388
4432
835
3567
1874
7692
9262
6381
3845
2756
7094
1700
2401
