7409
5340
5077
9617
7707
6899
5571
2954
9630
1656
4684
8185
8187
8271
795
1917
882
2771
4301
8289
5772
2369
9591
2531
720
5365
5952
3735
4679
8472
9037
4286
2312
3132
4713
8182
7391
6324
3281
5580
8735
3591
8768
4230
6524
3071
6321
5680
3611
6589
1708
8534
8639
1468
4470
9279
5941
891
871
1009
9625
1089
6333
739
5996
953
2463
1390
6160
9308
7787
2123
5664
9586
4905
1983
7906
5272
7140
6308
5968
143
409
3177
3273
3044
5154
5645
7275
5156
5510
6890
9817
4906
5346
2587
5113
4795
1404
5896
4068
6262
9748
7299
827
9929
8069
8728
4306
4053
1505
5874
6336
5578
4324
7407
4426
1891
3673
3355
