1805
4082
3332
7919
6295
6389
6989
3901
5481
2340
928
5464
830
7702
7177
4430
2026
3583
8829
1130
2855
3804
6341
733
6572
6758
5498
1253
8159
6931
6243
6681
1109
7744
1338
210
5092
3425
9440
1297
7555
3476
3329
7251
708
6374
1404
8317
4670
4278
5836
1386
723
7920
3306
7177
6680
1335
7502
4264
841
2052
6652
4969
325
4081
8489
5077
9489
9076
1588
2096
5529
7726
1744
2330
4919
6192
2215
152
146
9374
6227
2355
5371
3863
3426
9965
8698
1107
6811
4987
2102
4874
9086
7541
7152
9197
2728
3819
427
9917
8293
2009
1147
7354
6920
9244
1418
3749
1874
9138
9934
2973
910
8807
5951
3855
2499
1224
2088
8803
2164
1385
5343
9052
3740
592
8133
1472
