7346
183
1779
4986
7296
1666
7944
6395
6016
2990
5221
919
6779
397
8416
287
8861
5387
6224
3884
3776
5534
8575
4914
3959
9368
4040
6474
1697
9406
6649
6176
3018
5191
4683
255
7029
6307
1241
7165
9390
6144
5252
3197
3388
582
971
5175
2242
998
2989
2134
4738
4155
9874
9766
6834
2609
5100
4270
9631
575
1259
1665
7502
3653
9646
4462
847
8646
375
9473
3221
144
7551
9703
3527
2786
6622
8921
9928
8547
5483
7486
7404
7219
7570
8686
714
4404
1886
116
1837
8747
4362
4067
5152
7198
7031
7082
1801
5946
6442
8974
5248
5634
6523
498
8325
1787
2867
7905
5371
1150
405
6616
1139
2099
8648
5034
2060
3162
3510
6888
3790
7530
721
3198
1525
6616
2369
8784
9977
7030
5247
1642
5912
8595
4182
6959
5783
5753
177
9277
2807
525
6010
6762
7934
6362
1184
4278
583
6018
8304
3540
1224
8486
4621
648
