6797
499
9151
7589
7525
2571
2246
4121
4487
8304
5536
4925
4313
2275
8964
2789
464
2484
799
8917
3519
6743
1364
2890
8165
8616
3687
4828
6152
7708
7648
5991
3280
5868
5544
2721
7509
8927
377
2539
3567
6184
4357
4606
3978
7276
1376
3795
4790
1900
7567
2130
4100
6791
7714
5200
9360
4662
1142
4930
1933
6006
2765
8039
1289
9330
9986
5602
8121
9617
8744
6227
3132
5079
7483
1645
6377
4659
5119
7487
3296
6697
1990
8221
9899
5217
8023
1475
4990
6899
5150
7189
4167
3276
4878
7182
1292
7803
5767
690
4726
9595
8658
9582
9767
9004
3147
3085
3573
8005
1810
5755
2388
2303
8227
1550
7567
8263
2509
5003
4626
8936
1836
9737
8262
6938
8499
7685
402
3219
6591
4894
1058
9307
5232
7098
1753
2815
2810
811
8913
1618
823
9324
3508
2158
2110
4785
7175
8251
7024
3606
700
4575
9255
4381
2278
3164
2430
7799
8069
9771
9419
8036
3291
5864
8846
4474
4799
6899
5300
6234
4211
7756
9389
6593
337
2247
7782
6597
7743
3042
1614
447
5336
9714
6016
7896
8608
9098
2789
7006
7089
6785
2259
8897
9429
7393
3695
4955
3485
5511
1422
2632
1434
4542
9752
7745
2160
8095
