4242
5679
2417
6257
2212
7955
8967
3028
9666
8433
3825
2208
9958
1576
2358
6522
1471
2418
1513
8132
5424
8577
5264
1172
2118
7813
4447
6605
9954
2031
325
2170
5473
3804
437
3847
4353
252
1025
6064
5319
2292
6425
7541
5336
1052
5765
6828
5495
8875
1373
2603
1724
3217
8033
345
9578
9634
5290
2557
982
1271
7147
285
6779
2711
1397
369
4920
5497
9106
5885
7481
7581
790
5686
494
1794
1074
8293
3355
4745
712
6888
6020
2001
9445
2339
865
9754
7574
6046
8599
357
1242
7773
7345
9909
5850
4059
1522
9380
5381
2846
1889
4311
277
7055
6581
7529
