8367
1818
4968
514
1405
4426
6000
7586
7500
596
1507
551
5072
9067
5812
6713
6622
7017
9342
9346
5718
1394
139
1713
7377
8677
2749
2720
7168
5868
309
261
6150
485
680
4513
5513
8894
9143
4027
4574
6067
1231
4611
9472
491
5139
837
2858
5797
4080
7074
5170
7515
6799
8219
762
6102
8468
6692
9064
8746
7662
809
7433
4662
161
9235
3676
6466
1969
7069
8155
1076
9807
2749
9023
5939
5183
6390
1866
6882
5905
3941
7544
2181
750
4679
3825
5008
6158
1716
1924
8546
3956
6227
4962
683
6705
7461
4153
4509
3466
7173
8544
7205
4971
6638
5704
3757
2433
8066
6754
887
8748
9455
7200
8744
3708
8344
