1596
1871
8544
4340
4879
8218
4857
7566
4336
4652
1480
9851
9857
520
9593
4307
1243
8696
2517
1558
6734
1229
350
8013
6041
3254
6562
2319
3642
7281
3820
9499
7641
5420
5370
4596
5996
1965
4579
4082
4833
3286
8354
8667
192
1415
1195
6426
5555
1290
2299
2180
5555
3080
4881
3172
5855
7241
3074
4875
493
2399
3498
5779
7806
2421
5043
7134
1650
1775
8313
4687
4055
8582
7192
6859
522
660
3709
4344
5882
3391
7104
5889
4323
5110
9335
7841
3085
6874
3551
5822
2602
506
4555
947
4957
1935
6370
1878
4666
8861
1175
3115
4822
8050
477
2369
6155
5454
6267
163
5851
3591
1777
6859
3922
633
736
2247
2288
3916
1580
6695
2032
1274
4943
2521
9510
9559
2809
9151
3664
9780
3846
2822
3420
9125
9473
6044
6300
920
5038
2557
8170
7187
5230
1321
822
6385
6466
5484
439
2847
7593
7182
1999
5438
8880
5023
7635
8607
4830
8877
1725
1466
2230
341
5033
8929
