9959
1741
9011
7587
8357
2646
545
7828
2026
5320
6000
7071
1797
3386
9961
1551
3782
1689
9705
5777
9356
9667
6160
1810
2641
1548
3228
1579
6474
8787
6266
3787
7474
6686
9578
2337
1348
6242
7875
191
4135
8662
8536
7565
5798
3008
7137
3621
7484
4876
650
6127
1864
7120
3267
1096
1832
4317
6167
1082
3318
9264
8713
3435
5315
3035
7040
822
1763
9335
5060
2507
7768
7096
6273
6312
8584
7257
6711
1544
5033
5256
5923
9574
3553
8022
9608
7766
3926
8490
8266
5349
1395
6929
1152
9288
4570
4448
8258
6042
4645
3332
8332
9277
1267
3276
3352
5396
9792
1012
