5512
8908
3349
988
1438
3137
6041
9287
5649
313
6944
968
8492
2937
3819
9431
9155
6562
5030
2403
5897
7579
5493
4533
4713
5402
4420
3974
5514
2653
1417
6126
7780
3763
8835
9955
2560
2326
6376
6190
9955
7788
568
1370
7637
4695
1229
4104
9452
2280
2797
2000
6542
1435
3311
324
966
5694
6349
8558
4773
4829
4142
8286
1311
266
7843
5204
7222
5839
6975
6839
391
7918
6407
9263
1388
8020
9325
8200
7439
5600
7812
8465
3017
1237
9375
9720
6649
9857
414
1954
2005
8441
6579
6520
5793
8374
329
2637
4197
7263
4358
8694
658
5500
5790
4113
4821
5056
