6987
549
2323
6131
6856
4499
9514
2856
5778
6910
6111
8521
8891
9535
9736
9800
6201
4575
6541
5599
851
5338
777
1248
6582
1419
4224
9492
8599
4117
732
6854
1282
6454
7337
2832
4324
2809
9397
140
1896
6918
230
1424
2022
2822
9997
9897
6647
2517
3914
4933
9927
7723
282
9816
5361
4003
6923
2671
5362
8367
9118
7511
9826
349
1283
7184
8114
1620
3671
6367
5916
4273
8547
5274
9055
5714
4068
8129
8123
6137
6588
1336
6930
6677
9545
6599
3956
757
3801
7612
8194
3735
771
5141
2053
8106
7955
2244
649
4845
6964
2685
7371
9545
8213
6089
4423
6600
2606
2304
1281
2176
2627
4257
5938
6520
2816
9948
4105
3237
8492
2611
571
4763
8455
9862
3140
4880
3822
3980
967
358
3332
4021
843
5797
4249
7961
8218
7884
8630
8665
9524
4752
8120
6290
2182
4598
1253
1589
697
9148
4436
3095
8710
4936
831
537
9287
6071
2846
5327
5692
3141
7582
3717
5243
3745
677
4509
1533
1654
8901
3820
7289
5478
4513
8463
