9331
2873
9961
9089
400
3760
7177
4785
8527
2935
7168
6661
1129
2695
5366
3945
4418
3277
4393
2682
2728
2540
4596
272
4829
3705
1478
8338
6554
7995
8603
975
2910
3743
7793
2183
2447
2777
1941
219
5528
8899
2928
8917
9347
8424
6159
8329
7805
3792
4405
675
1848
3147
5020
5408
2030
202
6162
3944
378
3931
592
4607
8770
3331
9197
4555
3743
3564
4143
1055
3425
9726
9517
8866
1660
2352
1184
4554
1007
3776
9686
2121
2395
1103
5598
8022
5187
6707
5692
8293
4622
3033
3789
9703
9042
8308
4037
4754
2682
1050
7560
151
6100
8260
7544
6599
6031
458
774
6878
8830
9144
4877
743
4610
5286
3347
4398
3045
3371
3242
7091
4176
5696
5441
1321
235
5842
2869
7294
3846
9795
4731
6076
2159
6798
2916
2175
2503
3325
9129
8497
1688
3878
7656
2500
7720
8116
5097
3269
596
6058
9293
5837
8313
6749
5233
5027
