5704
3954
7536
6518
2745
5341
9944
4828
3367
749
8253
1661
6463
7789
6199
9659
2495
1572
6044
1884
2948
9456
9880
9782
2724
8627
7341
505
6844
5518
7506
7027
4983
9491
5117
6206
4862
7338
2761
6317
709
5130
7067
4111
6490
7760
5308
3480
6947
2910
4662
7946
7448
9707
3236
305
1808
2862
3443
193
9215
1709
9972
5554
8141
4819
6774
4028
1306
9449
8007
7761
8365
3489
7112
2032
4923
9200
5551
3674
2336
9655
8679
8097
3269
7244
3963
6676
7549
780
3360
5428
7053
2429
3499
7182
9569
1992
2433
2158
8364
5151
9946
1650
3967
9389
114
1530
2779
8788
8484
5451
8065
3755
5853
8358
2934
5874
1767
9192
5844
853
7905
7060
6568
3950
6658
4142
210
1888
3449
424
2167
6811
4998
9292
7435
1504
3312
9902
1264
706
233
5088
6831
7350
6598
150
5828
976
9261
9313
8934
4980
9287
5936
4832
2757
3532
7597
5607
3381
1717
4697
5177
7615
3912
4469
3182
3601
3061
9057
2965
6497
9060
7304
4033
9777
1362
1318
8721
4941
7769
135
6261
1746
6755
2462
3630
5592
