2812
4906
3173
2870
4830
9971
2412
6340
1280
3571
7139
2651
7640
8407
7788
2818
1047
5822
5270
1488
2317
2257
5816
6436
2400
3787
4706
2061
1909
8869
2816
6463
7201
5797
7045
3999
6344
4194
5624
3393
9003
3519
6386
7102
4647
4447
4800
5212
8430
8032
4205
6479
4446
6054
4797
6426
7902
3093
6179
2310
644
432
6332
1400
6754
3482
6072
6919
2249
6060
8584
9781
3602
8860
4186
414
9222
6618
733
440
2478
8884
4299
1194
5670
928
3582
8579
494
1401
965
3355
278
9606
131
8948
9287
1882
6681
9977
818
7259
8059
8854
7013
4078
7360
5971
7732
4383
7969
4249
6752
3164
8089
8404
7382
8042
1784
2611
6073
512
1535
7365
9936
4355
514
2899
8191
5723
6919
9522
6103
5852
3988
8690
9249
6027
2954
4113
9081
9703
9965
7904
1236
5070
9486
6403
6704
7810
6723
7748
7114
5464
5241
5281
5210
2765
4809
4673
483
7859
2800
1514
9691
1742
5007
9920
5915
4771
