975
1032
5305
2252
4258
2945
7671
1291
3006
716
126
4256
8856
2221
1130
5781
6957
5380
9761
383
9693
5551
5203
3839
995
2278
9570
9069
7352
798
6417
3567
4463
2577
3134
2168
3082
6804
4472
2681
1112
5694
6810
4367
2179
6921
1696
7947
9951
6528
6368
8187
908
5298
2317
895
6400
6143
6421
5509
885
5413
6367
8039
5033
1481
1111
1848
3146
5514
3210
8664
2955
9385
3651
7205
3409
347
7165
5160
6866
5581
884
6464
7780
3347
117
1270
7778
6753
3912
2018
3959
4379
1050
9050
9249
5781
9192
5932
