6158
2740
545
7413
7610
7126
4745
6959
5910
8614
5035
6676
7223
5111
7072
4368
9394
6183
4086
1339
6460
9196
2019
4428
464
540
9785
148
7741
2414
886
2757
6254
9100
5248
9853
4552
4425
3352
3762
7834
122
5206
1797
1176
6848
2958
6098
194
5502
8852
9278
4692
743
6145
1480
1881
4009
1501
5547
5493
7098
7349
6545
1889
3817
1033
6165
5708
3251
2218
7425
905
7887
964
5862
6066
9180
3446
5010
3096
3218
5104
9223
9167
1501
9536
8723
1869
9195
3541
6192
5273
7404
8942
5122
9317
9300
6138
1439
2820
148
288
9620
1262
1442
3567
4990
4682
4378
9775
4310
3347
8887
7909
8549
9386
8019
882
2917
8263
9740
5683
7490
9157
1509
1489
8426
4306
5777
7178
3322
4805
2726
1748
5368
638
2178
6846
4019
9867
3959
6676
9917
4495
8336
8805
824
668
9828
4732
7427
5460
890
6471
8368
5778
9717
2274
5863
8139
676
9741
7615
1187
9559
2294
8072
2258
5054
3604
6790
1361
6965
6614
1559
1543
4495
6869
160
