2492
7407
1465
1280
1774
6848
8636
7278
2866
2215
8353
3144
9595
9644
2703
9339
1521
3951
1733
2146
5436
188
5385
214
2607
3927
8261
4937
7292
9964
9813
2875
3822
7073
5104
2482
7078
8330
5045
7463
6999
5573
5605
2648
9989
7245
8416
4799
9717
3636
5460
8360
6201
7459
9986
288
6892
543
1460
2933
4454
7737
5949
4825
6274
4918
748
4028
9948
8901
8725
7455
9017
3469
9106
3189
824
8566
5369
3671
8441
8179
254
4691
467
7416
877
3678
2949
4600
858
5738
6179
156
9673
9237
8964
488
7213
6546
872
2686
9997
1998
3606
9175
4836
3584
4463
8874
4224
8057
6936
3742
2547
5904
5392
7485
3026
2343
3223
4686
3255
3926
3823
3791
4622
1904
7076
5829
1327
9425
1588
5909
3626
6949
733
2884
5607
2245
1533
6474
4240
2917
7627
433
7469
9498
4542
8602
2493
9074
9066
2392
8773
6696
7158
5678
1301
8459
4988
2430
5171
3667
2908
6322
7457
5152
9775
226
4956
3888
1328
5464
472
2228
1152
6294
1132
9448
9417
1271
5446
6068
215
5348
4775
3444
2874
6029
1985
9288
9871
1530
8021
4073
664
8785
7353
8658
