4043
8549
5737
7373
7042
1584
424
9809
2401
2482
5963
2915
9527
4903
9882
7446
2766
1864
3541
8650
4411
1898
7770
9678
2040
2171
1388
3010
8267
8421
6553
1620
2135
1457
5546
233
9387
6627
8431
6417
7330
5477
6762
9047
4115
6586
4606
4528
714
2250
4175
5238
864
5138
1276
7621
4029
6849
1463
6500
5672
9615
8724
4694
3529
8762
5715
7316
1192
8930
1214
6890
7420
5503
3663
9487
2123
8158
1391
3812
272
4935
6175
3227
4379
6746
5992
497
4724
7624
6863
9918
5192
9565
9750
6089
9801
6258
6566
2384
9512
1189
1486
6419
1853
2425
3501
6494
5551
8226
9964
8047
6724
6814
2620
7894
4337
1223
5907
2464
4631
2606
3612
668
7822
7351
9318
3000
1387
1310
9512
7528
6551
8673
5449
969
187
8119
7887
3449
9255
2535
5629
299
8797
7211
6622
2034
9734
273
