2446
7435
328
6169
7545
7757
6214
4383
1782
8522
2183
7828
6426
6304
9064
2084
9709
1378
9049
2348
8766
4241
8378
5187
8282
6964
5841
7248
4933
1519
1333
4677
2048
3715
6596
1429
9645
5323
1047
7416
7688
5811
4164
8269
7194
3382
3801
6244
5042
8474
2199
5018
9646
6641
2935
5811
4876
1455
9233
4743
7251
5565
8777
1713
7774
5772
3780
3307
3512
4124
8174
7040
5361
8233
6651
7358
1355
5196
2181
1235
747
4547
4606
2551
2500
3010
4084
9162
9079
9610
779
6532
7908
9422
3285
4817
890
2054
2976
2505
8540
6198
9171
5425
3968
8442
6836
129
4010
4283
4308
5250
1097
4687
628
9068
6668
1419
7974
6512
1240
9190
7848
9100
7240
8148
2998
6575
3285
3019
1278
9573
929
6994
696
7917
7366
9930
2682
7899
8251
3775
9202
9758
8247
9309
1779
1973
6714
5470
6877
3946
8001
5388
5158
7409
7462
8595
6249
8971
1337
6975
3324
925
6709
7144
9421
7185
1092
3648
9142
1273
8244
5288
7228
2176
2487
6305
3467
9807
8438
3066
9200
2705
8284
7038
7563
9070
3394
1963
