7174
9623
3068
9694
9441
4406
7457
2309
5824
3248
1446
5322
5971
136
2512
9943
4529
2724
2143
2140
4557
2114
1780
3561
3325
4902
2575
6135
4894
5472
5419
1405
5429
9334
6025
9222
8940
8545
5548
5582
5993
1890
8050
475
9995
9189
622
1693
1320
458
6878
6846
7129
2100
6792
5447
8730
2346
2296
912
6558
3089
798
753
9966
8476
6318
672
8359
8585
862
693
5569
1961
7566
1066
3497
6954
3270
1461
3962
7505
5191
5915
4175
169
1475
6174
6319
3138
3550
4394
2207
1672
2378
3232
5964
8653
1678
2487
3844
5583
4728
3976
2856
5727
5042
8556
2923
138
9805
5218
8722
7533
8791
8970
2700
4291
2158
6782
3648
6191
1092
2865
2703
5615
4797
8900
4937
4582
