8013
1431
7272
1136
5143
8675
844
3776
3565
5288
7653
4755
9176
6706
8542
1302
1964
5351
919
9299
4380
6117
6321
9615
3622
9715
5469
9290
4364
7487
871
4841
2992
1828
7176
3793
7933
5215
641
2091
8478
8863
392
3569
8996
485
8449
6019
9386
6596
4366
9802
7301
6031
8230
9244
6152
2756
5271
2515
7223
1053
5084
370
4824
6036
2737
6392
7428
1360
7077
1168
2188
261
1293
1251
9783
5611
4837
9166
9397
198
401
408
5500
5006
2744
9843
4126
6124
2978
3562
8809
1789
7181
9617
9037
3275
3622
4420
7373
7062
571
3552
8258
1190
3266
4193
1563
9392
1548
4949
5811
2030
7061
8965
3232
8573
5195
958
1463
9127
6060
3441
3497
5455
6162
997
171
5019
993
3402
9050
1338
4695
6741
5596
8869
2938
336
