9641
9745
785
6088
6453
9265
9193
3520
5067
5863
5859
8497
2671
9679
9983
3844
8985
6804
2996
8656
2045
6494
3351
1993
7673
3662
7571
1613
6626
8871
7288
668
823
1265
9948
4287
890
3124
883
5560
5298
3987
790
1893
4608
6904
3046
6677
6040
9106
6761
4167
4350
5416
3627
7479
7713
8187
1248
4958
5717
1931
8872
4705
9760
6289
2772
6682
4958
3201
6685
5129
3137
4478
3240
9363
4796
8812
3671
2537
6725
5094
8593
2576
1021
581
2776
8933
4421
6889
5711
2892
3163
610
2459
4613
6160
5116
5736
3166
7628
6626
4955
6028
9344
7781
6856
1931
5807
7556
2292
7827
5114
7402
6984
8685
2341
3434
3079
8773
5132
8752
8793
5286
4161
646
8195
7821
8444
6938
7708
7627
4311
7056
268
5423
227
7292
3032
2298
