8468
5266
8596
7139
1819
1500
7476
8466
3175
687
9032
7867
177
4371
7485
9579
777
9503
5882
8212
7875
6328
7605
9195
9695
4511
7025
4747
4197
4807
5106
2641
6383
7969
6069
1715
5462
7905
7642
2963
9206
2805
1181
7364
1211
7812
5204
9883
4936
4468
2689
5042
2245
8551
1313
6132
4227
1879
735
215
3560
787
2301
7458
6639
9198
1438
168
4276
9931
8717
5640
5728
4913
7566
4050
6949
7209
1324
9270
3024
2884
6104
8969
6543
5660
4897
8141
2880
1377
1409
2563
7775
2473
678
3367
5548
7782
1907
9286
2142
8215
419
3113
6350
8808
6321
2730
1893
2863
7124
5492
3578
7941
2824
4058
3858
7798
4541
4045
5373
9363
3638
7513
5145
754
4167
3334
6317
6968
1293
798
6863
811
332
6085
7647
7781
4995
9477
8557
8017
7833
9888
493
2130
8774
3237
2273
9294
7111
6956
134
2018
6229
8005
4080
7636
2485
1578
