2301
6631
9493
3966
4680
7581
2205
1731
8491
8724
3688
5113
8614
2446
5641
4365
6834
2251
1683
4584
1149
8961
3452
4369
9168
2566
157
3936
4501
1324
9725
2118
8821
1035
7485
8037
4918
6158
9436
3406
7872
2869
8513
8246
6902
6135
2366
7089
6114
7754
6164
9819
9583
5000
2468
5831
8339
9816
5325
3132
7768
2828
3156
3951
3135
2282
2463
7851
7652
7976
2714
7091
6524
8268
9032
6266
593
1961
8418
7872
9977
1197
9638
8972
9267
8520
5851
9284
8465
7919
7848
8692
7311
4926
8751
1323
1293
4516
8236
3453
9708
7700
4536
2505
9858
6442
7900
4623
4231
2603
2373
8037
4523
9586
7596
4341
5234
921
1950
4336
4074
599
2605
5598
5636
8454
4365
9941
1813
7943
920
4968
4083
5495
8269
317
7018
9589
2434
4529
2571
3765
5591
8111
2861
8047
1561
6934
9009
9463
2372
6334
2504
2050
3691
7161
7561
4970
5729
6482
9420
7425
7094
2984
2527
7960
5508
9912
4539
5970
