3939
7806
5341
9170
6342
1698
4572
7161
2314
9595
3460
1166
8132
336
5909
6002
1375
9074
5095
6118
5453
4101
1636
8148
7522
8050
1027
2009
1757
3014
7307
7506
755
2741
2816
1883
7000
4383
6587
5124
8351
9638
2882
665
5806
4104
7782
2535
6032
4936
2170
5081
5858
5376
656
3307
4204
4718
4027
2123
8039
9136
7591
6608
4310
5570
5127
919
1870
8172
7131
7989
6160
6712
1675
8535
8413
1659
8320
7986
7205
8138
3305
2827
6281
3730
9737
4607
2560
1823
9008
7207
5940
7741
7276
6514
8353
9992
2427
394
3233
2839
1881
2267
1172
4529
2771
3054
3213
5959
7345
7809
4871
6979
6752
1170
5460
7673
7146
580
6966
4653
5256
5982
153
9800
6575
5016
8228
9371
2030
3987
3538
3684
2777
2874
6621
8650
1085
3007
6266
6770
5832
7264
2149
6133
994
6593
8787
2277
414
8020
1853
322
4016
2979
2814
8473
4678
4797
2690
5379
4749
4011
4289
7966
4527
9129
3909
8927
2980
1721
2071
7348
6750
1634
8537
1141
7113
1385
4898
232
2902
193
1473
5585
2891
9465
7962
5936
4049
3220
3140
2510
1208
2780
3584
1662
3818
6698
7375
4089
1922
8004
8369
7850
7944
2189
2752
1751
8458
9329
7161
1346
642
6649
5758
2686
7506
9183
5699
3322
3643
8967
9946
9795
1301
7677
8762
1864
1895
319
1401
4731
4324
7357
5412
1253
6406
1603
