6497
6571
6847
9599
1352
1610
210
7678
3538
5319
9873
8908
5618
7538
1969
1270
8069
6844
9520
8165
6077
2494
3987
6877
2736
8044
4850
4825
744
555
5846
1806
5305
827
3809
355
7681
7872
2691
1418
6207
601
2668
308
7408
6987
3703
571
5685
1676
2540
7111
7581
9313
6129
1208
3399
5370
6240
2692
2016
3934
4436
8504
5220
8712
7288
8528
1007
4045
4500
5903
4195
8488
5886
7709
1579
6504
1155
5047
973
3911
1074
2905
337
302
4367
9995
5973
7518
2678
3263
4682
7588
4588
1608
6458
7645
9011
7370
9641
1872
3050
8100
464
8957
5283
957
8994
1207
5360
2928
2018
5160
3966
2219
3022
4690
6269
208
