6032
6003
764
6204
1590
1002
9663
1852
240
6100
4997
6701
5546
1211
546
7662
8697
9373
4262
1334
8798
5737
4216
7637
9745
7355
2105
9854
3695
3271
9087
1840
9251
3672
1470
2666
389
5192
189
8960
3773
7162
8539
5118
5502
6536
9062
3157
5514
3415
8306
682
9750
6182
3303
8190
9530
9804
9374
5851
5193
2548
6763
1896
7079
5290
304
3298
6899
7062
2855
3403
5400
4999
9124
8435
9652
7922
241
2186
4644
511
3095
6303
1069
7963
3015
1197
3624
8529
6101
8348
5625
8936
4288
8571
9478
5643
3475
4351
1095
5292
4916
310
4682
8635
5098
8232
6575
7877
9533
1025
3219
4257
3853
7512
5860
5928
8822
2910
9184
5613
4593
6696
184
1624
1986
6869
1283
2026
802
2968
7650
3159
9580
3130
4203
340
580
4854
