5049
8278
9876
5204
6512
5491
2720
3449
5026
1966
8337
1339
4933
334
6742
1453
1667
2722
807
2971
7359
8829
3908
363
4043
5579
243
6996
720
1027
4114
3639
1312
2858
4513
4480
782
8530
5474
7697
866
1134
9796
7685
2623
9826
6643
5394
6007
9078
9107
3086
1026
6981
4366
331
9101
559
6698
4417
2892
132
8946
8900
7701
3956
7112
8977
6098
7529
6157
2975
779
4463
9703
6661
1923
1388
3886
9296
647
8371
7088
7442
9758
585
8600
2811
443
8908
2719
8877
920
5455
9342
3100
4778
6822
7434
5841
6377
7066
1913
356
1822
4690
6556
5558
4146
1063
4967
9629
4745
8219
8087
5725
5032
8164
7068
1832
7353
5625
5145
9173
2835
4967
4930
628
5959
6283
9761
4321
7815
2661
3940
7585
5764
9359
6727
7705
