204
5479
6362
6905
8006
4735
847
4044
6807
6168
9895
2810
1732
2958
3463
2107
6997
5795
7204
3197
7658
7862
2213
5347
7296
5824
5356
3319
7974
3295
7051
120
5438
1432
8359
501
3444
2835
2597
7807
1228
4671
6463
6494
2210
3218
1310
631
1235
1393
4260
7260
5281
1867
8168
1677
3166
251
6263
9090
2125
3946
9640
3201
9642
2395
6536
6186
2692
943
1511
484
9026
504
178
3802
4635
893
8546
1019
5699
4155
108
6209
9418
1017
6824
3887
5505
4692
8492
4853
9241
3780
6978
7499
5021
9045
1511
919
5158
7982
5697
4563
7667
1655
6990
1210
6744
6699
3183
8462
9287
3412
4693
4262
3915
5922
4578
1019
6789
9653
2509
9861
9334
1699
3719
337
7352
2510
1797
3798
8446
1369
8345
8217
4157
8704
8628
2545
8663
4443
5987
4591
2464
5867
4157
1864
6293
6574
2094
2153
3017
2970
2498
8543
6085
3475
3723
2275
9509
6949
9816
1396
368
9095
7970
842
5417
427
3092
7369
5699
7340
8800
9877
7193
1445
6601
4312
1021
1496
4049
7930
4798
8946
8156
4352
2536
167
2736
4031
8697
1802
1880
7823
7438
9743
3302
9341
