1595
9282
2350
2536
4361
9488
8440
3545
1363
4535
9663
9071
8197
159
9525
1732
9178
3712
1019
6636
2844
3582
1847
6897
6146
3058
9160
3254
4995
145
5707
3107
7452
9044
6789
1190
9714
5614
4821
5305
6952
9606
590
756
1173
8729
5462
6745
8324
4102
3928
2341
5944
5203
549
4654
9263
4038
520
257
6048
1311
9881
7691
2864
9126
5262
8096
3075
1503
6363
2389
7113
7856
9265
2206
1560
8818
3267
1475
1514
6507
3451
9927
4174
5079
6240
9550
6568
4275
8009
6147
5484
8683
4947
1937
1802
9038
9901
6811
3713
2409
5518
9494
2657
1511
1144
2494
582
3592
2216
1563
6449
7791
8316
9630
7407
5307
6603
914
8680
2534
2305
4603
8212
6816
9411
7572
1717
7538
7393
6326
6477
9996
6301
7098
1406
2192
1880
4402
1706
3632
565
6377
6729
8807
6769
1374
1754
3742
5908
1520
6534
3939
345
1660
8319
1198
8836
9741
