8057
3942
7971
4347
3652
4617
4580
7032
5812
9132
3632
1184
1365
4718
2344
1099
7105
3750
3765
8200
6001
7658
9611
2904
3836
1119
7925
2842
2145
7483
917
7007
9866
1773
9737
9795
2259
2803
9419
8112
4356
6560
5218
5612
861
7771
4085
4707
4320
2365
4787
4118
6165
3859
8331
8922
4274
8975
9187
9797
8223
3993
2443
7579
4473
2372
6084
4219
7776
7171
5633
9005
6448
3363
6334
4381
5971
8389
3650
2584
6416
220
6341
4046
1964
9010
1111
8541
2194
300
1467
9552
759
1987
8043
848
3670
9509
2283
7515
1516
6479
2044
6361
743
4737
3404
2800
4181
6647
3699
1543
4270
8610
4926
8644
5291
7865
5025
8021
8117
5086
5754
5618
6983
7016
4203
6137
3429
2067
3446
5203
1147
1136
3234
6411
8539
6190
6264
3147
6964
9573
7783
6001
7571
2793
8307
7035
9127
4801
7267
9062
4384
4933
1221
1365
8043
9729
9919
3969
