989
9519
3292
9258
7197
1849
7582
8873
9718
4089
1987
507
4364
6709
8546
3459
429
995
918
5431
734
7430
4232
1413
9671
4943
4092
2000
4635
3255
368
2460
4524
2643
9201
8463
8660
4014
2930
8994
9700
7467
4675
4746
5816
9047
2841
954
1881
9050
3639
5724
5026
7313
163
3355
7912
5863
6846
547
8552
302
1727
2917
5221
5274
6193
2663
1775
1779
620
3366
4223
8896
5676
1600
7468
6610
8194
7718
5678
7596
4562
2593
4179
286
8282
4392
6488
5877
4171
4178
2892
3551
762
8936
9984
7370
1324
4626
3518
7078
7894
2177
2069
6764
7253
5489
3767
4921
4879
2078
281
8147
8405
1243
822
9119
7531
2437
9838
2185
3624
4405
4918
5547
6561
7030
2692
2649
7980
4106
4288
6688
258
8114
228
429
3917
8926
1275
1230
7420
1901
2382
2281
2092
578
5609
517
1495
4041
5758
4443
530
7347
9129
9005
2933
131
5145
3637
8888
7969
5349
8139
1037
3394
5062
1774
