132
4338
3705
7593
6233
8928
1513
4142
2830
7401
5513
9939
7531
9924
7777
5227
3929
5599
7742
7774
1909
6512
1172
1025
6281
3141
7221
7227
7491
9377
1423
4040
2014
2198
2143
9909
4045
8121
8662
2948
1528
7081
4122
3093
8984
9231
2627
616
4895
4859
7769
6277
2335
7294
8544
6050
4958
3246
4976
6112
4169
4180
8318
9105
6816
6922
1676
7178
3799
4100
971
4802
4966
7735
3015
1826
7370
4449
9420
4279
3452
331
714
8381
508
8985
8530
2435
5448
1720
3580
2254
1713
1219
4737
1918
809
2401
7458
7162
4084
4685
5439
9055
6820
5719
5623
5771
6328
9328
3927
9166
2825
6681
7707
1477
9527
3268
3013
3082
7571
3914
1341
9171
6054
5127
4911
9957
5130
7676
7951
1669
5702
3353
6003
1109
855
4662
1550
6978
9599
4373
6831
4406
282
7264
9717
2432
528
1591
1109
2753
238
8706
782
1929
1370
7319
6786
9610
9130
8533
9425
1135
5584
356
1696
1154
239
6758
4517
649
5830
483
1390
6054
5595
7220
5724
4060
4873
5259
3896
8728
645
1146
5879
9154
7897
810
577
1687
9592
5370
704
498
4522
7719
8925
6321
3648
2975
1268
1187
560
6785
2182
9327
648
6721
1608
4090
8712
9230
8397
708
2173
9011
7251
7219
5026
5544
5709
7560
5596
2723
441
9320
5399
9410
649
4530
3515
9426
2865
3528
7423
3772
2457
9851
5364
5194
4043
9845
7060
5395
8825
9458
5746
6547
2834
5534
3115
3277
6296
7697
2266
2891
7468
8954
