9988
1134
5349
254
7299
210
5308
562
6742
2741
3738
1586
5316
4300
6228
3895
376
5623
4689
9728
1243
3856
4487
3161
1814
7880
2763
4804
2227
3172
8297
7915
2445
1442
5204
6892
8054
4814
9343
2272
7489
6857
7184
5647
7951
5864
6702
8984
6658
5494
1064
4092
9327
1149
4504
7804
8697
5504
5177
5597
5072
7067
1910
2762
8679
3140
9793
9558
3326
7274
2596
6498
1661
4550
4269
1107
2539
5780
4616
297
2737
9789
7599
3412
6583
2718
2235
5399
2389
5807
1648
7154
9258
4745
3954
8856
5454
6315
4929
4289
4176
8713
1974
5664
8661
5221
4965
5951
8186
4961
