8059
1522
3065
8907
6280
1954
5526
7035
2533
2411
8476
1713
3741
4278
2198
7572
4678
8946
979
5383
8027
2270
8442
9212
9535
3374
3695
662
2336
7712
9969
3300
8711
7095
813
5279
5611
2976
2295
732
4430
3253
4275
200
1873
2709
4478
8794
7540
8589
1323
1983
9783
4560
5655
7408
4702
8810
9947
6239
8936
3158
7566
1888
3119
5368
5229
4524
3155
9013
9185
6727
5103
1384
3382
1299
8933
5217
4989
2533
9608
6840
6421
7635
9861
8093
3371
9664
6693
2506
140
4695
8027
671
7204
9249
6980
2853
3990
1267
7724
2032
2626
9103
2101
9749
4695
3082
4457
5251
7205
7462
6929
5750
2394
3709
8280
249
1683
6153
4343
3289
1420
346
2669
8275
3559
6224
3880
1341
