4640
4431
9777
1112
7934
1910
8149
9225
8505
8829
8849
281
8737
732
1003
2426
6602
9667
1833
6139
5471
2132
2793
9100
4437
5457
1115
4194
2248
9870
8765
2510
8705
6293
5441
569
1009
3688
6225
7949
7566
5094
4430
2994
1731
4513
5487
9478
9657
4878
8086
7447
5068
909
354
3713
6430
1133
1705
8995
5188
2719
5971
929
2705
3388
5383
4747
8100
6310
2950
7037
5920
522
2133
663
1837
7381
2227
4018
9832
3566
3304
7748
1003
2321
6242
2993
6198
7933
8057
8574
3952
185
2672
6420
2575
639
7314
6920
2014
6748
5229
2656
8335
9057
6675
4672
4107
2498
4414
7581
7649
7062
7340
9899
5316
1475
3888
9845
8025
6711
9173
3428
6153
7461
874
9785
504
7617
1747
3350
5032
1549
4563
8021
6888
919
9770
3835
2631
7298
444
2247
9904
5860
1284
9471
6232
4331
