8538
3854
4311
1144
7477
4379
8088
4559
4231
6986
6703
1990
5796
1781
7393
3072
9419
8650
422
2797
6875
9933
1169
1641
3054
2691
6065
448
6830
8518
2748
3251
4565
2064
745
7447
2019
8581
3975
2327
7406
3628
8888
9558
8653
1499
7367
3279
5016
5373
3693
2076
3696
9001
6197
1074
3139
4538
3128
1565
2943
8892
6017
2852
1940
8330
759
389
7742
8527
2177
6078
5882
1528
3015
4639
8220
2961
2558
5644
4829
8194
9957
7690
4587
7711
3977
1231
9108
4771
6402
2220
4135
1495
7796
495
8126
3672
5973
7532
1762
5749
8321
6250
5040
9197
9792
1362
9071
5567
739
1690
9204
1478
8595
1587
4314
3386
7527
5050
8138
2639
1988
7102
3874
6115
2421
9142
6327
393
6397
5415
5934
5325
3938
1670
4679
7341
6398
6642
9519
1736
7552
8118
7010
6405
9279
7793
9842
1818
3030
9408
3810
7670
9524
2631
8637
7463
766
5209
6408
7067
4586
9427
411
7282
2131
7027
4436
5910
7740
5972
5701
8562
1158
2564
4612
766
6154
8789
