8108
9325
6600
9197
9637
7547
2846
8474
8375
3470
9564
7331
5280
7192
3317
9154
3115
9967
2606
6992
7094
5488
6575
4353
5254
5126
5549
4924
3703
3931
2787
670
8670
8786
3357
726
6165
3046
3088
8745
4001
1911
2473
1201
9075
7907
7532
9506
8805
4951
3257
5180
2278
8067
5419
1209
9216
9137
8310
3137
2738
3901
9242
4052
1043
9782
3097
8510
4550
9971
2678
1848
1948
1210
3037
1203
9475
5376
7915
9736
6818
6072
9277
6437
1030
3243
1581
6021
7067
6966
3642
4950
9155
7260
5815
7581
7602
6052
1990
5524
8204
6077
7915
5531
2464
3512
747
227
2873
7477
155
1325
4858
4018
8852
8282
283
8782
2436
5160
2040
7168
7541
9617
2087
1213
1093
9496
3851
306
4575
5986
234
9395
2770
4773
9194
8052
5444
8194
