2581
4053
9604
8698
3991
530
2534
7519
2551
9327
3276
6628
2776
5219
6571
9845
9910
3655
8317
9372
353
3346
9920
7818
5951
946
5849
2449
9217
9146
4649
5815
3404
9370
1413
6551
1434
9106
9274
7844
2378
2779
7355
8095
1600
5755
1820
8201
940
2149
5286
5328
2092
5745
2902
8609
8704
9411
2302
6346
8881
9980
4856
5329
5386
9162
8327
1710
7312
9486
3799
1840
682
1056
8322
9007
1983
1381
6435
8159
4146
7748
2445
9842
2496
5276
4168
5385
5273
5970
3415
5560
9369
1692
6434
7057
911
4817
9896
454
8517
6474
4082
4430
4205
9907
1905
169
7303
7388
9876
3256
134
8637
3836
6244
7363
3842
8633
9652
3650
6929
2374
5204
8638
8925
7784
2390
894
8346
7463
4063
895
7685
3115
4386
8892
1208
3494
869
871
7461
582
7553
8878
6022
6505
8020
6836
3686
4446
1197
5969
2969
5212
4044
3551
3586
9944
6784
7131
5744
6898
2653
2314
7225
3486
8513
8904
206
