9082
2256
9276
3056
9240
6264
8694
8011
3582
8397
2061
1812
7857
7896
9721
8208
2840
731
372
5922
8743
4953
2073
5991
332
7200
4572
2189
8521
235
761
1455
9610
7483
1186
8548
6809
1332
6004
9320
753
741
6295
2899
286
190
9157
3825
4441
4769
4078
6540
4084
264
788
6165
6736
765
2506
4538
725
4568
3123
3474
872
3126
1575
8923
8138
9820
5960
9271
7432
6780
7693
7879
7492
8258
2159
9454
1245
2342
3627
2504
8709
1282
3527
2819
8013
293
5805
8323
9020
7265
5008
1335
5098
8363
6770
4100
9122
3712
6180
2473
3648
1277
9571
1541
6010
4265
9827
9700
4808
3811
1199
817
189
5775
8202
753
1172
8391
5184
941
2616
2899
9553
4360
8293
8399
7155
9451
9299
9040
2764
6827
3608
2974
7148
8376
1859
2911
9200
819
1522
9340
8620
8730
9835
5755
7047
9180
9714
328
6269
932
5347
1793
3100
6828
2083
7240
2930
3281
2448
6320
2214
4806
8368
7904
