1128
1053
6248
2104
672
7019
8956
6220
5321
7376
9272
1550
8968
4375
1508
4181
1466
457
5050
8808
9666
5432
9555
9736
3959
4993
4581
7795
2279
7618
2208
4514
6981
8796
7875
1673
7859
366
1759
8029
605
2119
6184
9497
334
8905
879
9582
1012
6780
145
2631
1725
7182
2443
9848
7710
2650
655
3138
7952
4753
5439
603
4503
3483
1758
153
5117
4069
909
1265
3122
4865
1056
6901
4099
1079
6858
8595
1037
4299
6571
8490
8921
6214
8716
2179
7146
2562
6648
9453
3489
7456
6162
1454
4388
7786
9824
2720
2538
369
7954
2692
1536
1270
1889
9506
1742
6177
6607
7813
1096
1689
7656
7490
202
2804
5208
6950
9840
7164
424
3720
8259
5904
6298
6271
1126
1971
9095
7554
1245
4488
5901
2376
7467
3154
9919
2066
234
6818
3489
5810
9104
7919
8201
1898
8452
1437
5144
2705
728
4717
3710
5458
888
6082
3656
9069
5007
6867
7996
3407
8392
5114
2637
1695
7853
4872
1881
6834
2542
7919
3440
7728
9477
9958
8927
8161
