4934
7108
1063
4982
1621
1451
3128
2817
3610
5114
5608
7837
375
8281
9204
9481
9502
729
6672
5185
2212
1808
2996
3229
9442
8497
5201
7087
8158
1131
9707
2912
8440
7314
800
1859
2768
3066
5723
8883
3918
3478
5810
3830
7749
7431
4674
9952
5752
4964
3772
5475
3630
5429
9874
3661
7067
6719
9586
7391
3012
9759
1515
3822
8125
104
5374
3229
7154
4482
4797
9919
8602
5800
6198
4496
8905
6978
9934
3058
2414
6517
734
1263
2282
8973
4692
8557
1565
7859
8991
792
3500
9717
9148
2624
9625
4461
3383
8976
5832
7292
3323
6571
4966
5663
2028
2896
3365
6519
4312
5002
1136
2743
1914
4821
2742
8547
4304
718
4866
2366
8503
1030
9618
3712
5888
4654
2937
8004
5122
1261
578
2536
7271
9146
5116
3790
9207
6109
