1911
8585
8261
2006
6632
757
8579
7345
3406
9901
1308
7866
3842
5041
182
7352
8519
373
5511
8738
4021
2987
8771
2657
7413
4438
3036
1069
2835
9336
2943
7521
5700
3219
6048
8729
104
520
8723
4026
6931
1993
7155
1669
658
8282
9345
2720
693
2777
8336
9825
5156
9509
6005
9336
562
334
7624
6049
7322
6509
5644
1643
8752
5486
8542
538
8906
5316
2738
4418
5589
6483
1202
6398
5684
1789
3856
7370
2264
669
3663
9939
4305
9818
7160
1671
1703
5019
4969
5435
8309
8961
5812
3596
198
6079
8334
5035
3265
6169
9205
8569
6271
1886
1476
4849
6217
9733
2526
6675
7672
3944
4263
2569
2714
522
2152
3307
3410
9460
405
5124
7168
7940
3071
6211
141
3205
4395
2395
1077
9876
9556
2204
1648
3170
3550
6592
2085
5556
8848
8904
9931
175
5874
4889
9776
5670
8329
4731
6770
9030
4903
7803
5683
8934
5256
1043
1781
1448
4075
7908
3766
4437
9688
6831
6228
3273
2993
9903
1480
9749
2166
1882
9654
1165
7549
2776
8974
7269
3246
778
183
1930
5439
5573
9534
5499
3456
8880
2499
9757
1309
3792
4394
1100
4771
5971
