9998
8623
8782
6292
7755
9196
9349
792
9533
1323
335
8608
3557
3630
3370
5116
7009
2797
6673
3203
2443
1781
411
5089
3676
6801
2175
1511
6455
7752
7646
6458
2198
6901
8603
6319
3756
9118
7048
1223
4387
5889
6158
4940
867
1860
8907
3459
3814
1751
5087
3590
4348
3398
3382
1258
4416
5882
5009
123
5341
9900
7554
8104
6358
2682
1124
5310
8626
5123
7237
628
5760
4642
3238
5479
502
3327
5898
4372
3989
3686
4896
4059
2346
5577
406
3747
6276
6296
5831
524
8806
481
1168
7604
7584
6020
7452
7022
4161
9715
1207
6001
5313
5735
2650
6867
3081
4742
149
2206
8146
4579
4861
2033
3984
9709
9467
5228
6236
8186
2558
6867
8182
2606
8519
417
1132
174
6089
687
4293
3658
4590
5490
3995
7634
524
7171
