5973
4064
8254
5117
5343
180
3921
9386
5114
2659
6139
2318
412
6842
6151
9315
1720
1857
690
7002
4163
7127
7103
8863
6823
5167
660
7489
7177
4535
3628
8012
845
5030
7288
8888
5562
4190
9995
4898
5630
3788
8165
3359
8012
7540
6213
5351
1468
3807
3822
6948
1676
7355
1162
6232
175
4923
1370
2510
6135
9507
2877
4406
8546
8349
1206
7215
2109
918
8149
5665
4803
8303
4172
9366
7962
5982
9678
1170
561
6128
1272
4780
9955
215
8826
238
7256
4639
9179
5970
2421
3843
828
2916
6117
4760
8080
9678
2267
1874
7842
9782
6483
896
218
2006
258
7563
4617
8499
964
4269
859
750
405
5174
3400
2067
320
3135
4046
2500
3591
5299
1697
6633
9860
6644
4008
9308
1186
3927
2006
3508
7861
2564
8009
8451
628
4980
8197
7400
9252
5513
4750
9547
2477
5483
4456
8086
331
1080
1548
160
5888
3020
4881
2712
436
1240
404
5288
4138
3912
7549
2613
551
2963
