6407
7367
2729
5676
4603
2308
7103
9397
9822
2364
1795
6841
7185
8160
1669
1678
4102
5624
5371
1705
8574
3880
8072
3677
1862
3327
3978
3461
3482
9165
1498
5860
262
5455
5171
2357
6921
4917
4803
4800
594
2274
3184
1939
4271
6662
2707
7565
3388
7886
9102
190
1387
151
8546
1377
9872
9023
6489
2834
7617
1497
8994
3314
7428
3758
1948
6462
5622
1211
1790
6093
3162
8472
7145
3946
8365
771
4786
7328
7663
4055
5276
6484
8203
5744
3000
5455
266
1283
249
6757
4516
5904
4508
2937
5120
6181
8887
3432
5341
8516
3259
5910
302
8810
8073
9973
6775
4335
9298
6639
1175
7456
7123
736
8832
2080
3827
2125
3428
9559
5585
9307
7419
8979
1258
7291
751
484
7826
7935
6372
5034
5132
4485
3475
978
8733
7147
9675
2106
8320
210
8482
8585
6406
5320
4633
994
5814
5197
7685
5474
2481
3962
2735
3995
1163
380
6817
6462
385
2659
4385
3878
6554
8939
4768
2610
4128
9994
4100
3033
3726
4208
9950
5791
979
5466
8041
6870
7287
2216
6590
8247
9863
9807
1102
5992
5001
3550
1820
9882
3976
9247
9739
8927
5969
8241
8242
5670
7582
2365
1389
3812
8192
4771
9276
2663
9880
8528
5243
9722
423
2858
1478
4925
8733
2977
