6444
9381
9104
9113
3472
1893
2085
5137
473
8770
5079
6288
224
9393
9932
3686
9336
8400
6050
3935
5836
1177
9758
6971
8246
965
7264
1729
8444
3731
606
6507
5737
8085
7342
9457
2151
8468
3813
8151
9553
3756
9187
4411
9347
6333
405
7514
3449
4390
1403
5165
502
5995
9715
965
4179
3050
9478
1783
5418
5207
1439
4212
3776
1668
6467
9034
3948
6893
6123
2236
3959
577
1800
2555
2509
2052
7503
9949
7737
5139
8285
1333
4033
6037
6871
6132
8907
1026
7832
2379
9827
5093
7203
4629
9940
7408
3739
4888
2312
9003
4676
3443
9881
5464
8817
6148
9941
7902
1303
5828
9268
4402
339
8212
3644
4264
1793
7593
254
4242
2033
2187
4470
9374
8216
6322
6260
2772
4474
7495
6303
7869
2210
9568
4422
738
5005
4024
5499
3511
217
6157
6690
1288
4054
2005
347
322
2145
859
8595
9504
1991
2671
3746
6083
7307
418
7566
1781
4569
8292
7850
5999
7226
10000
787
7293
308
1276
3044
1720
5752
9401
6804
1251
3445
7108
7730
8301
5373
5660
7596
474
2541
5306
7904
9351
763
8541
2137
3117
8241
9621
5926
6342
3499
5966
