2803
2774
4141
8835
2593
9523
4866
3137
5891
9988
5181
2464
7569
3352
3191
1267
8706
1711
5206
4258
8889
434
7705
8442
7107
3415
9102
8024
5628
1366
868
1490
1613
3514
594
4468
686
7954
5612
3179
8978
5932
1491
2764
6543
3552
154
7599
7882
7866
4584
9212
9271
7829
4960
3356
3949
2729
9560
3438
6461
4095
1015
7224
4513
7065
905
4113
5980
9804
2753
3125
9597
521
4438
8300
8641
1656
6386
7659
1186
5274
2651
9480
1187
6450
8827
4162
5499
5145
3776
1247
9774
8024
8433
8361
9678
9860
1670
4000
8465
4870
5022
1689
6024
5915
7156
3134
5384
7596
1219
5290
548
7925
3104
7796
5180
5262
738
8385
6583
7059
7963
9701
7501
3484
6856
1913
9193
3801
9934
1042
1274
3045
7792
6733
6059
8634
6509
9390
6005
7903
8218
5354
9128
6186
8869
9448
9203
3381
1570
7911
9126
1691
9122
7255
136
8007
4538
6150
8617
5321
9258
4759
8824
1484
1096
2492
2392
8146
9998
9166
6238
6519
9895
1182
3254
3442
3468
3077
8572
4987
4787
3698
9672
8076
9639
8878
4621
9963
3701
4530
7847
2062
6251
7987
9238
8444
274
285
7431
2279
6481
7316
7760
7443
4202
3052
4058
516
2725
5740
4682
1324
5361
3674
5773
5183
9988
1953
