3789
7401
877
6097
9462
2561
6534
2998
7136
1276
1599
2189
3282
3154
7596
5151
7932
1884
6197
7582
1369
4181
8993
2152
6784
1983
1245
9835
4769
4840
2609
7296
4210
5037
7448
1861
9287
9623
2292
3161
389
3064
9276
7209
4280
9106
2800
3722
3762
8673
7292
3896
2930
3861
7952
3604
5435
6928
7514
2353
306
499
6566
8524
8340
9655
2182
5600
7512
8273
9547
3144
7252
4876
3626
9139
4108
2083
9601
1432
1766
126
9409
2207
410
7420
2736
2901
4514
9290
3950
1153
5838
2154
262
1235
2860
4455
9107
8802
8585
4308
4080
131
5370
6682
3523
3211
5583
4337
3317
6449
1311
4918
7730
9610
212
197
3654
449
7378
4866
9240
3714
8857
8275
7235
1431
6796
4409
2467
7002
668
7663
2333
8500
8654
4496
2512
1584
9251
5375
3701
7526
133
7047
8064
9140
575
2207
7694
8115
6281
2992
1649
9426
3153
742
7254
8434
8877
742
9075
4529
6105
4916
5043
5282
9060
2779
