2370
9653
5883
6123
6278
5615
159
6442
5474
6190
7740
1921
9412
2306
2332
3462
5494
6414
6064
6275
4511
4303
5008
6909
1390
3942
1818
6154
9719
1844
8384
9764
1899
9336
7883
7364
1228
7863
6926
9375
6347
7341
4831
6806
5286
3666
390
724
6995
7984
1660
1178
3959
4814
8512
4686
7152
4889
8298
6444
9945
9063
9007
1062
2494
5004
7951
6854
974
4049
6586
265
6538
1572
9795
2244
1992
4733
563
6796
9696
1410
4830
3412
2361
7045
3627
9619
8272
5194
5955
6219
6330
9823
6363
9417
1209
4052
7038
9396
658
2035
8721
2374
9436
3871
7578
6792
2007
6682
6805
7964
8410
3732
1406
7865
1265
3613
5924
9913
