6199
1506
9992
7948
9499
8317
8508
8832
4523
4500
3592
7023
144
5516
7526
9298
4394
9532
704
7965
2315
9168
7563
5734
5962
605
1672
5558
8389
7277
7503
734
2922
4743
4539
1462
3538
1866
1233
7956
6523
740
8066
1837
6218
194
432
175
192
8737
394
1747
526
6960
6350
9167
4103
6042
4689
2635
4165
3550
2018
5506
5764
4137
4191
887
7469
4507
7163
1720
3856
7750
4873
6438
6366
2711
9866
5899
8522
5819
3274
9087
3589
8525
1613
6019
3429
3144
2018
172
5534
1814
6268
4772
2732
8771
6707
751
2263
8938
6658
7751
2668
1667
1688
5196
6172
5685
6361
610
5484
8840
7806
891
5791
8914
1072
1946
1917
5782
6016
5421
4576
7520
674
7687
8116
6089
1939
3677
4058
8685
4705
2942
808
1330
2047
8583
7497
7406
1044
7448
4678
977
4491
2979
1318
6799
8251
6453
9477
480
9070
6623
4027
1919
2938
2691
6792
4598
2416
7637
9714
8615
1511
2655
5662
6133
2667
6164
2293
1663
6615
352
7582
7217
9674
4969
3123
2362
718
6495
7064
6525
4187
1893
6990
5321
5336
9109
3327
1618
7622
3913
8541
902
483
3396
