4863
1485
3457
5019
7791
4591
1433
2588
2925
9302
5511
4571
1155
6179
1280
8160
8469
1919
4619
3618
2236
4133
8021
8029
3050
3724
4728
8175
3518
2314
8820
9287
7831
9289
7230
5160
5670
9674
6085
5203
7092
1647
4891
6025
3021
784
3513
4815
4275
7011
9451
2289
1238
5295
6258
5264
1620
9599
3707
453
4898
1193
5720
798
1542
7894
4855
5345
1459
5533
5778
8513
8895
4983
244
1377
5170
1539
4928
3696
6473
9438
3973
8272
6196
2140
2151
8828
2973
2664
8865
761
8965
8175
3680
2014
7466
1606
844
7884
1749
2748
6883
4672
6580
3440
1555
6958
5320
3737
5822
1754
3876
7757
1087
1111
6719
1241
3666
5301
4426
2816
3450
772
5134
5690
6701
4359
1535
8320
5069
7229
8216
8279
3714
6752
9970
2637
9082
8839
9105
1420
9860
5832
1965
7048
8649
6030
9672
1160
8497
5347
9742
6159
2054
1878
4613
2248
2036
4926
8394
1123
3671
9665
1024
3523
9762
6472
5091
4440
