2361
6888
3402
2883
4048
5207
4414
364
5398
5484
4780
9746
4914
3641
6187
9610
6080
6278
8982
6726
1617
9347
2046
4202
5708
1766
4180
6657
9379
2753
9212
7540
1439
8159
2083
8504
1724
539
1550
9838
1814
8246
5535
2596
3075
7294
5305
7986
9564
5194
2636
591
2570
1100
8351
8882
1718
626
4236
9098
8748
9863
9412
3075
5543
6001
4695
6717
3401
307
5403
4591
3637
8946
4956
2810
5965
8480
3305
4422
2245
2728
6940
2000
1834
4345
6396
4623
4719
3606
688
6060
9925
7240
212
3968
4342
2891
6087
5174
7750
5057
6276
4071
3795
1146
3143
6068
8673
6089
5329
1702
5990
1178
7474
7696
5280
5170
5139
4320
4641
7845
6622
529
9592
1945
9964
167
1138
8531
