3451
7339
8581
3896
3615
6470
7392
2525
9513
5624
2359
3978
9208
4660
1408
5335
5184
855
9318
7976
609
3801
9505
5204
4145
5424
8772
4395
792
2361
6600
5281
9044
1665
6097
5147
6144
446
3217
8695
4985
9813
7307
620
1528
9404
5616
8229
8092
4526
5255
8492
4085
3666
7794
7874
681
1914
8817
4039
447
6187
2578
5871
8644
7394
7140
2531
8948
5471
8957
8536
8511
2899
5619
9869
706
9265
6630
315
2343
5524
2265
6738
786
4522
4792
3555
1310
5377
3191
5243
541
7464
3801
3143
5197
7848
443
5195
2665
5123
648
5932
403
3694
4409
7344
1032
1940
1597
902
5009
8672
5923
3800
1857
8857
3200
4885
6745
1561
5362
5916
7243
5061
4553
6928
140
5409
6025
3842
4716
2484
9931
7716
3125
9870
6160
178
