8018
5685
6872
9278
6754
6841
2025
5946
6446
9834
9648
4733
7071
8527
6143
2418
6944
5988
3819
7785
1227
127
2121
7245
3638
3580
7630
3683
8494
777
9227
9814
9180
6969
7767
167
3022
5901
8370
7116
4680
7830
1467
9078
5006
6707
5767
8599
6982
4979
8888
7451
5807
581
2445
7357
1499
7420
4848
9592
7713
7537
5709
8571
2643
7361
2584
4920
7734
7910
4604
1230
4733
3559
6488
2087
391
903
6181
6920
5956
1554
1539
8439
3740
7511
5070
3296
4360
926
6517
5233
2338
195
7333
2632
4824
3788
4352
260
3358
2742
1790
9255
8790
3050
6703
1053
6181
5010
8494
3178
2864
270
7777
1852
1732
4304
4216
9057
7021
6386
1769
306
4336
5800
6037
843
4930
2546
8564
6727
4651
1704
872
8242
5442
1967
9104
7282
8161
1792
7449
4106
5468
1584
6171
2691
4175
6309
719
8424
9119
1598
610
8866
5328
8297
4443
9431
2869
2457
8544
2646
1993
9093
5904
2303
7728
1007
8350
5817
6989
5283
3839
7964
4875
9917
5421
5938
2897
2918
7409
223
6400
4827
5559
4462
5351
4029
