3819
3829
9203
3351
3198
8836
8181
1674
3206
8536
1344
493
152
4416
6415
7971
6047
8481
3693
8879
6200
8659
3478
6867
8447
679
1603
867
8876
1617
3706
5293
1657
7620
1219
1756
9579
1842
1288
7784
9131
6952
906
985
4012
6211
499
9887
5998
9961
5482
7139
2125
3407
9519
651
7816
4148
9240
2663
2101
8254
9159
2859
2420
8743
5070
4252
1312
4043
4636
2511
7090
7583
8643
7966
1511
7292
9885
9527
989
2861
3215
3343
1158
684
5575
7968
1803
7024
2326
4747
8286
5441
3834
4077
2023
4478
9263
1875
246
6174
9193
7777
9061
2356
1212
4404
2434
3198
7918
6164
8993
4128
7321
3676
9574
2613
216
5987
8709
4416
4725
6537
4434
4519
6915
8335
4310
2417
4848
4833
5969
5200
9241
4137
964
9846
3739
5347
