4550
407
5931
9427
444
6778
1566
1602
6768
3490
4179
3763
8598
5606
3689
2695
7188
7863
8267
8170
5755
2360
3141
2501
2619
5467
9927
5777
4251
1735
1669
5630
3087
7181
2112
1915
6726
6773
6367
9064
4623
6685
2909
9357
8188
7958
3082
6735
6280
1498
4922
6003
7306
4282
734
2144
6099
4788
9753
6091
2367
1404
2397
1524
6311
4218
7071
4267
5734
6354
4011
7816
4806
7797
6391
4486
8010
2881
7000
3892
2654
5480
4212
9735
7908
4679
2673
1765
3233
5433
6362
8823
7261
2083
6434
5864
6034
8119
6254
7193
7827
9167
3592
712
4655
4651
2598
8413
2683
3260
9922
9405
2452
708
1798
4889
3828
562
5451
6353
7010
6492
9889
300
6531
8832
5406
2955
281
693
