229
8646
6821
7639
2978
9058
3002
3135
5288
8409
6424
559
7887
3908
2894
8835
7826
8245
1870
8087
2029
2146
1404
2703
586
5457
7720
5134
8616
1492
9027
7384
6906
1414
2329
2539
1860
8661
8565
4759
8110
3287
5705
951
6992
9089
4658
9565
9935
9723
4559
3275
9913
9274
7241
8782
6173
2144
6210
8415
2329
9527
6698
802
4709
3809
2043
9224
5666
5780
4660
3936
9844
5450
7856
2185
8738
494
3231
4093
8736
1082
2001
1931
6053
808
2589
141
5653
3875
9513
9787
8645
6430
2824
6382
4535
4045
8587
5710
6641
4786
1307
4279
5376
879
9190
1933
934
708
5833
5870
6890
5180
6246
8884
713
5409
6612
9199
8230
6658
4285
6009
2006
3591
7626
6156
9363
7084
6868
9087
6857
4974
3374
7759
502
376
8721
6425
721
9327
9216
8326
1511
6292
8788
8576
8829
643
