980
6439
9569
3623
6473
3676
3979
4117
1340
6927
5562
1202
495
4615
9619
2257
8575
3108
108
5017
2929
4443
8839
9331
7046
423
4826
7769
4054
701
4216
4793
6377
5707
7374
2337
7935
1093
1388
1436
9502
9652
9907
4677
1771
8926
8370
4105
8569
8041
7160
2379
3542
7388
2919
2544
8466
9692
1182
7972
2317
4441
7553
9678
2458
1258
3401
4741
4694
5400
1208
6726
1062
4260
5298
901
7571
1838
2823
6822
4689
5459
2569
6974
9385
7338
4876
9645
7448
243
