9661
3167
1913
2061
930
2388
1031
9610
3915
9018
1870
2543
5334
2272
1423
1342
9996
7786
6830
2463
8810
6751
5313
4510
7023
5214
2304
7827
1796
6691
6745
2071
412
873
978
6394
3189
8463
4422
584
8121
5443
8771
1467
8745
640
9669
3626
1440
8458
2732
5284
6029
4134
5541
5322
9832
3844
4511
1339
3152
1750
7776
8789
2893
7386
8486
1002
2131
7290
2286
6807
1051
508
3001
1995
5140
577
3272
6950
3920
1817
6384
541
3559
9345
3884
3091
869
1733
6374
4595
9872
8160
3165
1029
6904
893
8384
8239
9552
3999
1104
5121
3065
6172
9079
2253
9872
9234
