5191
2443
9085
232
7335
3330
3695
3560
7541
920
8852
8224
335
1215
5514
6565
6430
9824
3098
7242
9066
1973
7810
1375
7965
4612
142
1099
4508
5384
5599
3468
4102
7830
2651
7084
4706
9673
2867
9246
3723
9314
3319
5264
7778
1525
9306
9994
9041
1352
6131
3856
9457
6856
5166
3785
1103
4008
1686
5261
113
5275
5247
4260
1583
5783
859
519
9158
7611
6263
2905
4787
5904
8589
9088
4789
994
6724
8815
384
1321
7020
3578
749
5792
8623
2369
5505
4128
7507
1704
5382
5136
9308
4532
7167
4497
603
9584
6401
1096
9143
9639
1495
2720
8364
2654
584
4139
8374
9177
9861
5145
1134
2232
8574
2905
1281
5326
7211
1929
4295
4089
3155
8524
5271
5334
2061
513
1146
7698
1234
9944
6357
6258
7817
7857
1508
9658
6422
6115
8077
530
8879
5012
4179
8283
237
2687
3323
2584
4781
2012
5174
6354
7038
7900
1857
4726
8425
8031
7482
1688
127
2677
3421
1537
6150
1349
7691
9659
3536
8785
7545
5732
4894
5668
7269
4924
1143
6316
4379
2612
5489
1956
8537
7728
1101
4257
