2828
6887
8747
6272
2643
3961
867
6126
9732
6458
1359
4957
3606
305
9599
1641
2360
728
6045
9797
5659
6631
4555
2385
3282
2335
2641
1871
6687
7038
3128
6242
2317
3129
6612
7657
8357
820
5388
4648
7924
1030
9071
5162
4104
7432
8787
4771
9315
3469
8601
1615
137
1206
4605
5327
7724
8710
1491
2356
9909
9515
6278
7543
8188
6817
6036
676
6835
1543
7657
8228
248
7991
6151
974
4082
2469
4917
4556
4192
4250
8499
2437
1195
597
8430
5563
6220
2228
8538
785
4762
6014
6405
1098
7217
7842
7775
5590
4567
6860
6739
1366
5258
9383
878
4321
1532
1078
5681
7539
4119
989
2189
8997
2076
9733
3644
5262
4987
9480
1463
5138
125
3980
8563
6881
4475
8306
