156
2562
9867
1088
9147
5867
549
7871
6652
1154
1075
3680
7373
8197
9167
1736
2428
330
9174
5546
9425
8454
2617
5376
335
8167
4440
7527
6886
913
2770
8311
3171
9893
8469
5751
3637
1750
2699
9460
6011
9026
8362
8427
3000
2374
2833
2600
2319
6545
3647
1610
2441
2583
7321
2940
1898
904
5058
8667
1025
7083
4336
7522
1977
3667
6108
8022
6080
619
7270
4033
6048
5726
5861
1882
6876
3023
5304
6715
2553
2397
9680
1683
2769
7958
6185
1723
1628
9490
9012
2827
879
9935
7652
1433
2069
8112
3450
7822
1244
2439
2557
3974
4475
3846
7758
2569
1653
1600
2568
3638
1393
2992
1339
6846
9994
1365
3607
131
9242
348
3143
3624
4708
4770
6302
2230
5414
765
4146
2738
4397
9284
3871
3214
3584
7757
3870
8414
3409
2051
5170
8078
6612
3653
8093
7551
3160
7323
