5135
816
9284
5498
4825
5962
3569
7209
9885
9971
1851
3133
4600
6747
1110
3457
6342
6486
2756
296
8729
8671
2263
8130
6442
7373
8225
8172
770
8530
6850
5721
3851
9466
6049
1494
9956
1201
6148
7671
3258
4706
254
1849
4210
5927
6964
8330
1339
1010
9927
4410
2699
7483
2408
7077
9951
1019
9996
864
1958
4846
4758
7777
8741
307
4028
4415
8191
2808
1791
5591
3955
6982
3700
3869
6346
3306
3168
8339
7347
4420
2276
2706
6820
3566
6587
5079
7902
9092
9333
423
2761
6176
858
924
6955
2468
4126
2469
7668
7937
5388
6390
2611
9659
2638
123
6295
7772
2456
3159
4989
5591
489
3316
9128
5852
8794
9531
1547
9196
7768
2569
6377
6691
5439
4232
9503
2212
