5273
4589
4298
3783
9362
8287
1587
3820
4092
8828
495
7752
4350
8099
717
1716
2741
332
1639
9174
898
9265
5723
1692
3047
972
2789
3803
2668
6796
4491
6718
5458
8819
7218
1467
6585
7370
5919
2353
7374
3441
680
6932
2276
5214
355
4937
2347
2729
5029
7742
8509
9017
8348
4747
1227
4544
9814
595
6653
7739
5925
7284
4548
426
2435
6007
1131
9396
7493
7907
5790
349
7078
236
1470
5230
6984
385
4453
5706
9311
5783
5735
6966
6380
8301
6913
3555
7893
2205
5024
4419
9305
271
7882
3358
297
5090
534
1819
1507
8572
7018
6086
1498
7040
6604
5314
6228
7822
8662
9129
4812
5782
1481
9574
4870
7562
222
3635
5967
3691
8833
5903
5050
1593
676
5592
6222
2408
5892
3228
778
9507
3425
4093
1504
5344
