2172
4550
4749
2611
547
9183
2744
1746
3218
2375
2038
5160
4628
5112
6584
5621
2174
997
2111
6161
7743
3264
5101
7861
7678
6613
2475
8598
5170
4437
4376
6185
6766
7246
1748
8996
4822
7029
5667
7034
9588
6631
9649
2703
6216
7169
1016
6809
5753
1976
1926
3794
1307
1115
3590
6493
1111
3281
2043
7548
4429
9744
1005
380
5126
8654
865
3579
4765
3303
5788
7029
331
9886
2928
1419
6188
4185
1305
2001
1582
8596
6604
9105
2313
6508
5882
8880
5471
5621
4638
1899
5586
8726
5978
6313
5767
8027
2386
654
1581
5559
3137
8660
7738
7375
7735
7045
9398
193
1078
8532
3024
8257
141
8564
3931
7699
5997
7732
2979
849
1913
3460
9250
6390
2249
4043
1129
1127
8724
8467
1343
6065
7163
8999
8831
1257
6923
5198
2599
2928
8665
7607
1638
7788
803
2119
3251
8730
2279
925
4984
5181
1899
5327
4431
4501
2775
4659
8510
1176
8567
7937
2033
5624
9545
7673
4185
7245
1285
4691
5424
2912
8458
4573
733
5242
6876
1270
8147
8062
9872
7355
3084
7843
3629
377
6209
1226
297
6004
369
7831
5948
212
9581
9914
919
1469
6774
3705
7147
8425
6827
351
776
4271
8137
6182
7613
8068
9842
8991
8463
6713
549
9962
834
9027
8595
3080
3553
6972
5319
9377
1305
4962
1535
5004
