1176
7102
8603
9388
6124
1729
307
4664
2827
1095
9996
6834
4811
1472
5673
4430
2117
1007
1999
250
9371
5262
5716
5904
4132
9384
6195
8898
954
2250
1376
2988
2387
6242
2519
7240
7434
845
6428
6240
3297
6075
6451
8434
6313
843
826
4752
4149
3883
2188
2414
8490
146
5880
998
4741
6340
911
9726
1572
6230
2889
914
2340
723
2132
9745
3180
9733
3129
4713
7953
9046
1633
3794
6760
7233
4736
5736
4933
4836
6420
3879
6897
2085
1647
8128
3295
1911
5378
8877
4514
9603
8283
994
7359
5078
3791
3251
8296
5798
1865
5604
4534
6157
7577
930
5428
4691
4815
8539
8353
573
9002
9378
8063
8889
5050
6809
5936
2074
3850
2856
2523
8428
6921
6469
3369
4308
7527
4124
4497
5291
1049
4112
1902
6247
7053
8131
