2354
3718
6848
5780
3388
610
8184
4662
2470
1755
2086
1319
3695
8499
1790
8533
5069
7650
2161
9780
8568
6702
7429
4597
4308
190
8042
4844
2485
8584
4596
1568
873
4778
5901
8839
6600
7606
7685
563
1341
3311
204
9652
7365
8682
2122
6648
5761
5359
8033
2270
2592
466
4672
2699
9058
1812
2943
3883
2179
8749
623
3043
4767
5208
4551
3495
9771
8632
9049
4622
3726
2663
792
5745
5812
2988
6222
4631
2838
8342
4716
5818
4523
8784
2223
9657
1964
8770
8364
3118
5970
1792
3015
6571
7906
1777
5468
7554
6461
7322
6004
5687
2657
2551
590
6997
4840
3809
