8925
1373
3316
3457
124
6358
2990
1813
3477
5367
4298
8519
8003
8395
3415
6772
7996
4490
1012
7904
7260
102
7852
9558
8698
316
5503
2041
4802
3584
3128
1510
6538
4465
1183
6391
3177
4016
3501
4496
3921
3541
7256
9030
3293
135
8855
3183
6854
3417
752
5205
2007
228
7124
8645
4886
6186
873
6224
4107
2031
6529
7637
5490
1662
3503
550
1722
5082
1066
9750
8106
9950
4396
9513
966
8419
7366
427
4685
4185
2822
1367
8429
5053
2947
9153
9489
1922
590
9367
9483
6953
8703
781
7366
2352
2490
4296
1254
7946
2768
4397
2400
803
9702
8201
7770
3164
5086
6212
5837
1805
8526
7840
9371
7212
4770
7641
