3365
187
9425
5269
7427
3810
2752
214
8707
5724
3547
7593
1861
7138
7845
8156
4572
6228
1662
7766
4602
1608
9151
8616
2109
6756
8503
696
6908
1497
747
4458
2979
2470
6985
356
5648
5226
7988
7719
8683
3634
1703
2393
2196
9518
2491
5504
2179
1266
684
4178
8328
8855
6264
9469
9491
4124
5257
8936
9697
6146
4768
9696
1664
9314
5420
3818
1898
1719
8406
6941
1692
5406
7430
1657
4525
8836
7576
5675
8014
2756
7602
4306
1902
1518
815
2624
9280
7441
6347
6343
513
6604
6102
2339
181
7656
7209
462
567
5607
8911
9559
5822
218
5866
2473
8105
1314
3477
3274
1903
8654
8839
9428
9015
4560
5941
2330
635
7956
5890
9148
5414
6671
8061
5694
9611
631
1801
6998
722
4410
3783
2445
7482
3453
4717
1350
4578
9447
2076
6793
4640
3069
6360
2481
8629
703
