6330
8573
9261
8037
148
6969
8957
4808
9506
8416
5336
3499
9345
3318
6128
3152
1274
4387
177
6527
1740
443
1662
3759
5446
6863
1208
920
4355
8039
5979
7659
7697
7025
5923
5600
7218
7278
3414
5008
2625
7924
7486
3523
9899
6358
7669
813
2090
4777
1742
6619
1533
7688
907
2188
8911
7977
3861
1883
2610
9672
6312
7511
9192
6613
3951
6232
2800
6669
3934
4439
5617
3660
5706
212
149
107
9528
7654
6538
8979
9636
301
504
3598
7027
7608
1162
124
2405
4766
939
8102
6482
2223
1685
5257
8704
2955
779
4046
4116
1968
4743
1844
8974
1996
9382
5901
6829
3043
2118
4346
700
553
979
3678
1248
9409
5929
1552
5585
8806
2656
2278
3678
5794
931
3447
5832
8103
6412
448
8935
4251
6562
5304
7408
1443
4446
427
2101
3936
1253
6322
8830
7200
4034
8001
7080
2872
8034
8757
7743
2838
7392
1107
2242
3380
1776
3825
5150
7621
3279
6365
360
6657
7885
150
8243
2372
5905
6437
4339
1335
5192
4303
3720
5499
3614
1992
5246
8798
3318
7140
7483
1843
6166
1745
389
3891
9987
6069
9397
3329
9445
8019
202
3777
