4369
6051
9652
8914
8904
6405
3442
5254
8364
336
7643
4822
7605
2909
3423
7684
1881
9274
9985
9686
6360
6235
5888
9599
7886
3380
6185
3403
4418
7962
3779
1784
5908
2791
7532
8509
1040
6272
2894
6319
7622
7027
9325
3245
9436
9084
5884
1031
7996
5599
8573
3904
4826
7831
3721
4593
5844
3184
4410
8900
3838
6919
4723
8211
6904
8371
1802
2425
6860
6340
4095
5566
4367
1467
9058
1959
5534
454
5052
5411
3122
5405
5698
9710
9958
958
4248
2742
716
8276
4411
4041
488
542
8507
1861
388
7709
5745
5620
220
9309
1414
3538
3390
679
5263
2858
4353
4782
4069
179
7668
8629
193
4491
4659
6615
8994
1486
7615
530
1198
962
3547
1072
1209
5947
7787
5236
192
5842
8507
2610
4451
8652
375
8540
4310
7128
138
7718
787
5553
9010
4994
7228
8991
3647
8447
8918
1541
3656
4146
8201
1806
9619
7428
729
6471
5279
4067
3482
9431
3168
9307
361
3018
856
2473
