4878
9475
894
9693
2647
1343
4487
3974
3082
1882
2176
6654
4193
3425
758
5773
7801
2870
5975
5622
6836
1281
506
8009
1459
6993
8651
8582
2649
8724
8066
7231
8594
1659
3610
2852
8877
8138
9877
6138
5228
5191
1888
9595
3586
885
5127
1069
7208
402
847
6387
575
209
8593
9601
4057
7855
8616
7052
940
3212
9050
215
9773
5318
8759
4017
4210
8371
449
1758
3321
5502
476
6539
2670
4654
6939
4294
3930
8801
8704
8026
7232
9328
2447
7664
6289
5140
846
7413
894
3316
2893
9940
8293
3479
1464
2984
7618
6680
7556
2910
9408
5963
7690
3094
3974
4309
