3615
8311
1788
2159
9774
8590
1598
326
2221
3522
7710
608
1506
1815
9417
962
7882
2684
6513
4960
9308
1069
7716
3094
9070
6420
6747
8048
6412
1423
670
6294
7999
1054
3992
2565
1608
2106
2336
5808
3948
9703
4628
8197
7339
4428
4367
1801
6847
5778
3027
1331
7336
9603
5979
3719
9961
1787
3211
7572
3507
8751
6491
7288
5102
7264
2872
9113
5413
7506
6084
2926
1729
4337
7416
6396
9193
5570
4875
2738
5001
6825
7322
7288
9482
7486
4399
5106
3003
1589
7216
4743
6459
6402
7818
3512
7343
9208
2308
7810
7082
2908
108
529
9485
2777
3363
5772
750
4238
6713
7500
6855
2879
3521
8775
9974
3360
9453
8292
