1242
9601
188
5277
9013
3822
9701
3939
2582
6758
9833
7075
5684
5825
4276
6891
8589
4315
6231
7689
8348
5697
2707
6074
1790
3074
5614
7239
5249
8309
4148
9587
4175
7270
2479
2472
6815
1147
9369
6101
7150
7754
621
295
1246
3692
5870
7188
7578
2593
8834
1171
9712
4199
4463
7169
6179
6634
4826
3343
8484
6335
454
6450
4017
5156
9583
7476
1749
9116
5863
6564
9407
6978
146
9301
9977
604
1831
9632
9108
6537
1735
8571
3548
5910
571
9987
1635
5785
3033
2839
3218
9489
7180
8505
1435
7184
2195
633
2062
2444
8339
1512
9577
8524
3896
7895
1911
2426
4944
3256
4656
1710
8619
4580
7243
1691
8505
7657
6956
8079
7783
5271
5946
8559
1612
1684
1117
6753
1554
9438
6809
4467
4505
1569
6173
5882
3600
5683
6607
5578
9574
1268
1043
5963
8641
1074
4214
1189
2603
172
3209
3780
4834
1113
6324
7546
7508
6724
