3792
3440
1983
8347
3670
7701
9685
4448
2971
8264
1884
406
6658
1840
3287
1008
9057
7576
8717
4916
9465
6865
9482
2604
9662
1952
9714
6531
1444
8754
1214
3080
6500
8976
289
1279
1874
7232
6960
6628
3411
848
2615
4950
5505
8830
2138
9284
8532
5874
734
5413
139
305
7082
4969
8794
8600
5406
4233
8622
6372
2914
2069
5048
1998
3857
8708
1958
5582
2679
7136
8642
2137
6065
2019
514
9334
6855
3397
4327
9615
5568
3530
8758
7646
9128
7309
7736
4925
3863
4407
500
8368
2495
9004
8689
1035
6469
7799
8555
861
6042
1091
9132
1398
7750
3033
9600
5809
