2743
6108
406
4388
4130
7420
5640
2553
6714
1018
617
5547
9630
4339
6685
2072
4802
8490
1570
8645
9368
2862
378
2176
8427
5831
5700
1017
9650
2619
4086
3153
9222
7842
4466
7476
5382
270
5780
6378
2899
3493
2048
3820
3474
7761
6860
2946
4000
1419
3319
1751
6090
5695
407
1892
3610
3518
837
4629
1370
2404
4495
8213
1477
1636
7040
7932
1784
6652
8353
7719
9290
3517
8864
2579
9924
8611
8861
7934
1266
1646
9217
1283
4760
4642
3407
3741
6167
3166
600
890
4278
940
8292
288
5928
5471
3123
8250
7873
4143
7443
6272
5916
7486
6953
5549
7968
9931
8849
7556
729
1197
7427
9197
1864
3839
1655
7535
8744
974
1921
2926
676
7524
4422
5422
2791
7014
