5570
2556
9961
3229
3542
6355
5693
8228
8625
3153
3720
1111
6684
7120
1660
7795
3033
1138
5577
7716
1014
5444
6674
7076
9048
9743
8262
5549
3282
680
1174
1210
3195
9089
4403
4177
4850
6582
7185
401
2889
3739
2772
7077
6675
6138
9356
5197
359
6195
1444
1861
2997
1298
3322
4932
379
1242
2575
8254
2988
5443
5775
3756
7692
3847
7278
4962
2728
4622
2175
1051
2801
1465
1924
3848
6247
8220
3429
3162
7352
2281
7698
5209
2415
7810
2971
6794
6857
6516
8688
2355
737
1747
959
5948
6515
3766
3895
6407
3994
6325
9615
1497
4499
3946
5575
1790
7325
2794
5563
707
2883
4845
4025
9501
4046
1712
7729
9552
2673
183
6000
2841
2466
4693
739
1044
3395
4378
8438
3571
4379
9532
6848
1963
9236
254
8762
4246
1299
8365
5896
3469
1604
1525
993
6725
3156
805
494
3625
8400
6585
2019
9589
9749
122
2072
250
6972
9123
4026
1521
1515
1297
3591
3955
7413
8918
