1903
2365
5382
8185
9658
4351
7797
8387
3570
6079
8868
3865
4804
3643
2015
4578
814
6344
6637
763
1662
4205
2346
7096
1265
3323
3960
8004
5835
5616
1278
2838
5528
4157
4160
2636
9447
9612
3061
5126
2171
9030
5982
6927
5844
8091
5068
278
948
5074
9566
1072
8921
7898
6048
9201
7217
3009
974
2068
3308
5915
8895
7683
7750
5103
5889
7456
6727
6013
4685
1103
6890
4915
9415
5775
2833
9832
7796
2010
823
9916
2586
4353
1961
8457
7812
5191
4875
1384
1701
2045
5132
4729
8935
9782
641
5709
8362
1040
6064
2247
1568
2047
872
7092
1941
6091
9450
5533
4830
5238
6704
1748
8997
311
9776
2227
3599
9159
4275
1727
6851
3579
3066
8813
3368
5314
5425
9954
3619
9873
8298
7009
8713
8366
1898
6101
5608
7310
