8653
3293
7110
7845
1620
1874
7917
7008
3817
4019
833
180
4406
6249
1889
1392
2429
5347
6805
2118
5263
9971
1122
9597
4616
7967
410
9065
8742
8821
1941
1884
3064
968
3479
6517
2401
9411
253
3594
4845
9284
7138
3853
6875
8105
8115
2217
5506
5773
676
2808
9254
1700
9498
9742
503
6681
4607
5047
2191
4458
9070
7928
6212
9434
9061
8762
6471
1202
6180
8117
9717
172
5343
4636
9332
5564
1676
6391
2562
7649
5170
177
3920
493
2152
3611
474
8333
5313
1086
759
8618
243
1984
8184
7027
259
8067
4779
9276
5683
5016
1639
7012
3545
4570
5488
4309
2770
8252
228
6568
1701
2207
438
3016
4539
8361
1397
1672
298
6166
5300
2827
5420
9956
5022
7376
3860
6536
3715
8845
5915
6609
4709
9194
726
9800
7982
7437
3243
5399
8175
2199
4039
9018
7499
111
384
6348
3058
1602
454
3513
936
2811
9948
6875
