3704
4504
9230
3084
6443
7870
4220
9765
473
7128
7618
5025
3190
5182
4423
9479
6762
7039
1124
2894
6666
7762
4781
7789
9738
7607
6812
4259
7983
7916
6286
8541
9305
7475
8834
9041
4175
8320
3274
6914
943
2670
7288
607
6676
3596
8287
6558
6020
8675
6967
1137
7279
2929
1514
9628
8252
1716
664
8174
760
5725
6957
1322
8691
5030
1759
3444
9087
132
4124
587
697
5696
2987
7954
6060
4241
8736
1991
4095
8189
3592
9154
2328
1382
1206
1115
9532
9396
9228
6133
678
372
8402
1076
8609
1016
4556
513
8089
8952
3863
398
2554
2158
4897
7504
1977
2536
357
5533
1256
9051
8198
9481
2110
5935
6912
9145
8723
9862
9297
7914
6900
1941
4576
8352
5602
8298
5552
2589
1636
2638
1287
6902
7716
4943
2991
8447
2038
5668
6283
422
5284
2894
498
4177
4591
1403
862
9698
9167
4881
1723
9354
5467
2198
2780
5993
6515
1720
3861
1468
5880
6170
1906
7199
8579
9456
326
9147
6304
5074
8615
311
3507
8336
8686
1547
7079
6319
1573
1419
862
575
8849
1751
1776
6715
