7335
4050
2332
5702
9949
5750
4326
217
6978
2460
762
5292
2934
4502
306
9714
5297
1738
8735
2990
1174
8998
3738
4773
1798
207
1472
3999
5675
7957
394
2852
6095
1761
5530
4260
9887
7886
2299
7921
9961
1059
1392
9689
5734
7685
8230
2260
754
2936
1280
4815
6925
8565
7941
4593
1618
9920
7998
5928
8883
3330
6520
6478
6039
9640
2484
8625
1327
3537
5132
7689
9602
5304
6333
8333
2977
5015
9930
991
9816
1785
2209
6092
6172
1989
8476
1897
4808
192
275
6831
4342
5336
8025
6108
9150
1992
3848
7591
8448
5702
5011
5330
8637
1344
1352
3783
745
3313
5966
8044
4531
6551
9948
6510
5582
3363
7599
9718
9942
2442
7539
4840
7059
9587
1221
9546
6801
9949
5720
7057
5232
4031
4871
1763
574
525
4897
3871
8819
8373
3725
1256
1613
7551
3754
436
9459
1355
