6956
8642
6149
5249
4054
2523
579
5663
2618
9557
1027
4395
4173
5422
7779
9206
8617
8086
9918
6474
9378
3242
8152
9828
2292
4473
9368
3596
4659
1790
7865
9950
1283
4618
700
9948
2515
3320
827
9224
1021
4234
3532
8857
7698
3568
2102
8283
9167
3593
4076
2218
7715
2125
155
1046
8707
1645
3280
7440
7435
3705
2606
4587
6419
7651
9796
7315
1722
2458
9507
9713
8778
1185
8122
2866
1849
6697
9960
6093
126
1692
2166
4875
2025
147
9823
755
5305
2652
3802
8855
3343
6926
1001
8003
9981
2965
5668
2547
