394
1820
3751
314
7692
808
3236
3183
1344
7382
562
9431
183
1458
975
3001
7981
7556
5285
3426
6116
2970
4113
1709
6250
9184
8740
7588
5071
1575
4333
1582
404
2338
5639
1747
7266
4657
227
310
5980
5892
4894
8355
4408
876
6144
9633
8196
7638
3412
2252
4686
3531
9475
7835
8996
8034
2562
9668
3539
7462
7478
3167
1894
2510
7812
141
1730
1247
7545
4857
6081
233
2809
9711
2881
7663
9032
4175
482
9629
2736
8010
7223
3989
140
3961
3089
9076
527
8989
8345
3494
3008
4319
6092
5721
6960
203
8783
8338
136
7250
3155
3608
1584
3035
4443
4587
952
5018
4500
5036
646
4760
1756
4627
3355
9036
8560
3071
6382
2105
5493
1684
6661
1838
1890
4367
7779
782
954
1591
7197
3525
1968
8115
718
2790
7469
3044
9095
3192
5723
7600
2078
6733
7701
925
3212
1037
253
6378
3181
4319
4686
6412
606
1137
