897
6893
9495
7468
9683
4104
7425
9466
892
830
7556
6585
8435
1012
4809
9112
8769
4621
4698
2674
8679
8728
3797
5082
1810
3531
1975
2617
4506
4009
987
2919
4271
6371
5909
4916
2652
3687
7268
9532
1745
8492
328
9467
2723
7827
9417
5630
3514
1170
9957
7046
6926
2652
4538
3989
5771
4514
7529
4290
4837
3685
2246
7481
7782
8397
1429
4039
7411
961
3882
3845
6874
6743
4881
256
6057
6049
8862
3378
2888
2044
6684
3494
9808
357
8542
7320
9249
2702
7286
6271
6998
3096
2835
5533
2033
2356
4582
2901
653
2845
4056
8146
213
8581
4015
3131
965
938
2997
5923
5889
5127
8563
5130
2128
1506
9490
5160
562
1105
6020
5563
2560
6901
7829
2421
8001
8911
5380
6487
5355
3580
3623
1036
6034
5010
3133
5068
8206
9474
346
4743
7428
2955
2953
2277
1908
728
