9132
3402
4100
3572
2058
4266
5971
4764
5420
3097
1457
7716
8670
9148
7078
7349
9071
3634
4594
4647
7499
1949
4899
1873
6200
4168
7560
2454
5896
2061
7676
3429
6635
7682
6520
5941
7910
755
386
2907
3515
2702
899
7979
9961
9100
6736
9389
505
3122
4048
1680
8192
3329
7793
648
9826
1624
8622
9913
483
1757
108
1536
7248
7566
7833
3858
6116
2753
2864
3658
2076
1960
9721
7578
7803
7635
2285
6217
745
4165
9592
6958
1667
2115
661
7803
6429
6965
6299
6387
6701
8392
9906
3549
7258
8992
2349
5471
2119
1805
4046
6406
1872
9161
701
9154
4532
8334
6035
7078
2215
4079
5556
7564
8692
1263
3186
9952
2621
6909
176
2665
2498
8671
8903
4213
5165
7620
6810
4438
1532
878
7606
596
4240
3724
5976
2931
1525
9481
2628
2115
4282
8252
3670
7428
3082
3331
1632
6576
9948
7801
3567
3398
5038
9921
9223
9088
6598
1932
8443
7882
2880
3801
7428
1257
4734
6933
4654
3085
293
9430
2683
3223
6714
3742
2878
9563
5228
147
8159
8231
5999
8737
4383
6639
1163
2216
8627
4374
9115
4024
6909
2495
2764
8775
3137
3591
5130
7788
6853
3176
8154
3684
7692
2769
9311
9354
5923
2244
9252
8503
1178
1195
9114
2520
3482
3076
