7158
8599
7869
5914
7910
3257
7046
6075
6100
5311
2258
2246
6207
3389
4222
8612
9958
8105
6703
4121
2358
2908
9177
3062
6354
4461
7289
3609
6043
4684
9097
450
968
1022
6920
6397
608
5174
7126
7553
4070
8206
4008
6214
735
983
8809
2659
1064
5675
9055
1571
9955
4531
8793
6321
8275
4234
9864
7687
6568
5095
6629
8290
6498
7212
5709
295
9142
3401
1622
2739
9702
1514
6332
7671
4470
8817
166
684
3082
7134
486
9698
1079
6722
4500
1225
3987
6960
6953
9953
4736
8404
2231
8401
2580
4595
7096
7576
7872
402
4955
185
8410
6535
1167
410
1163
2443
8456
175
1469
4890
2698
7886
4598
9841
8497
4745
6651
268
3318
9006
4761
9255
8570
8905
4771
8339
5722
1882
8555
297
2167
355
217
7895
5435
1087
5307
4175
5532
2402
3601
2052
2877
4786
5854
2285
6694
5433
2468
9085
1897
2602
6702
6756
7287
2529
6980
6116
7338
1639
423
186
5066
6015
7139
2020
885
6861
2961
5502
759
4160
4558
1293
1163
547
6300
147
5565
1437
3463
2408
438
9349
4163
1162
8545
5764
6019
5585
1302
2392
897
8884
3010
4480
4888
2568
2247
5545
6135
9383
5352
4301
2617
7141
4579
1943
2640
3314
4246
2261
5480
3714
3827
3249
2579
8816
8159
7501
5541
5668
513
7358
3864
4746
9459
6334
3106
9813
2300
3099
6109
3048
9076
7540
