4123
5961
9805
9294
3004
8105
2688
6639
5066
1581
4729
4357
8722
4873
9604
1093
9585
7415
1782
3827
7272
6648
5197
4453
9827
2326
3665
5315
2318
7070
3565
7433
1955
6518
4848
3577
9907
2629
2775
3754
9847
4156
4066
1960
6787
430
2167
6730
2320
112
6823
4864
9286
2054
7632
5196
3746
4326
627
4533
2860
8433
341
6119
9016
8724
8722
2709
5491
3616
3890
9976
5008
5948
9894
607
1603
6228
2861
3276
9498
7718
3514
9380
7146
9620
3375
5130
5721
6126
2004
8775
224
8575
7819
6485
526
9340
7835
304
9285
5219
4622
4359
9192
4708
5835
6793
3494
8844
1734
9572
2753
4648
3356
7585
7495
2080
4207
3367
4413
9710
9126
7008
7973
3201
6061
4717
9520
8535
2708
9546
7960
8961
8056
5838
2664
3776
3384
5327
