7761
9545
8427
8193
3829
5668
6220
7084
6797
3406
5629
744
1753
7484
4230
6109
6905
4726
3143
9306
6350
5020
1980
518
7144
3637
8360
2997
412
3258
4133
5037
7744
3553
7070
5915
4189
1915
2832
2549
5009
4240
1169
4106
1169
2480
1338
357
7509
6803
7528
6245
7021
2725
3085
4341
5877
6054
8394
2492
9165
4704
5260
7431
2492
7081
2082
7953
9577
8153
9427
4200
5235
1611
3665
1137
8096
149
1195
6021
4287
2739
7810
4022
736
879
6983
7172
3013
5809
7944
8422
8515
2617
7431
4396
2417
9353
3788
9331
3504
8219
1064
1610
7206
8383
591
5947
1276
6259
6593
5390
3868
6658
8109
5874
9115
1831
1137
7340
4205
9716
2600
8216
919
4841
4942
1428
673
7873
765
2793
2785
6679
3547
3628
4085
1494
6436
6215
8837
8271
7753
6096
4965
7384
9614
9891
4869
5406
