4031
4218
8672
7007
3068
8345
1853
2667
2887
1788
4626
4521
8413
8767
362
7241
8186
1293
1320
9991
8074
3653
7812
155
1847
3029
5977
5380
4181
7904
6582
2483
7759
4636
4376
3191
7636
7566
560
5678
9734
145
4761
5576
2265
7195
5634
481
1940
7835
4295
2892
4489
5171
6265
1284
3862
8720
6543
2720
9671
9489
2025
2150
4159
7247
1876
5159
3470
7064
3843
4959
1660
3353
7405
2059
6081
1370
284
432
1628
5063
9352
8478
8223
8935
6038
3878
7384
690
4383
632
3402
9908
4887
203
4381
1059
8745
3064
4502
6214
5043
4361
4918
6739
8142
3082
3216
9152
9591
3883
3355
2824
2046
1966
3483
2577
7735
1033
1936
2434
5583
1936
6001
2875
2791
8261
3733
8228
3649
7774
9101
4569
3008
2839
8779
7168
9266
5435
4379
5733
2998
2132
1387
8271
3519
8068
2330
8708
9772
2773
583
4039
2423
8690
5078
5936
1249
5848
9598
7740
2138
5154
4823
3959
6272
9573
3897
9581
7200
1456
6863
1517
4528
3344
3154
6255
481
1170
