3593
9323
432
681
6284
9252
3410
6309
2645
6163
831
9895
2511
9702
1226
2200
7624
1348
7382
7434
687
8381
195
9243
6723
317
8960
9862
5517
1407
2525
2414
8471
9196
4236
2877
4257
9470
1749
8822
3246
1174
1759
1540
4933
7611
3514
7205
9970
407
5542
7305
9942
1214
7193
2567
828
5161
3846
6257
2626
5493
9692
2021
1262
4519
9171
6774
4565
4359
4443
9751
2284
7578
4787
7456
1968
3503
2410
7352
6502
4385
6411
6410
8069
2499
8415
2448
1967
9716
5894
5861
9536
1504
2360
461
4560
6130
1633
3927
1153
1757
3673
775
5405
6438
4255
579
5194
203
2895
7872
7045
7639
1458
4237
1090
3360
3293
2164
909
6628
3687
2189
9171
6680
8731
713
2126
2528
1198
8064
9287
6757
4072
183
4932
9689
252
9462
7468
8724
5393
491
6504
1608
5011
6844
2786
8421
3115
9829
2055
9594
9690
7007
1805
1673
8205
147
5127
3402
913
9692
5317
9147
6767
1677
393
6487
