5848
7000
347
5282
9921
4313
6786
5360
287
8139
5569
3626
9991
4017
8666
4746
8629
7233
3671
3479
791
6159
3276
9271
4674
4757
3794
8973
2243
7105
473
9200
6386
8977
4253
2294
4486
8446
9435
3029
9882
7391
4092
1266
9905
1260
531
823
403
3581
5927
9514
2015
714
8647
5735
1723
7646
2133
5250
7936
6646
3546
3406
8052
6031
9231
365
8367
5049
9274
673
8939
2732
2128
9156
5699
948
210
2412
5549
8790
9544
7408
5981
296
9239
5549
7103
2017
771
6075
1398
9210
9254
8824
7587
2262
3680
8909
1679
8683
3494
1316
6312
8410
1735
4019
4547
6179
3291
3751
2286
2764
6678
5635
6915
6484
1071
8336
7958
974
936
5745
241
6971
8355
4851
2205
3755
8089
5433
3567
4819
3260
341
774
7868
6993
5878
3063
2116
5612
2986
8897
5250
5692
3227
3760
3725
520
5933
7474
8119
1683
8462
1359
9670
6538
5752
3655
1268
4137
6999
6338
3937
2293
1168
4977
6681
1640
8892
5474
7508
3365
9743
2319
4443
7861
5539
7401
2706
953
9242
5732
6965
3515
2307
8830
2543
4408
6373
2530
3164
6933
5693
7271
5840
6953
3632
3177
9142
6567
2306
5871
1113
9871
1830
8866
7191
