3814
4262
8557
5500
8351
8297
4698
4052
3818
4199
2568
2947
5106
7422
3335
3391
236
9536
169
8012
4698
652
6197
2422
3368
7877
3591
9727
5873
7140
1453
6049
3524
7496
1379
6600
8121
9757
6314
9317
8060
3788
6063
4980
9790
185
2745
6751
1328
3503
8636
9299
8516
2496
4820
5628
9155
5242
8244
7757
3689
102
207
8257
2789
7151
1421
2755
2614
8522
3531
1497
7554
5379
7898
1311
4702
8363
3803
2822
1902
5444
7130
657
3567
929
2530
1864
3059
7571
7121
5368
5377
9296
9794
9139
702
6726
8623
6892
2832
7770
494
6438
7609
629
5704
5477
6254
6949
4357
6954
5255
1269
3279
1188
3842
3865
276
9069
5142
5633
9519
3941
7505
9526
9153
3592
1391
6820
2603
5760
170
560
6771
4340
2576
6161
1500
8475
6701
8596
249
6586
2564
5247
1497
4848
2811
4207
3342
1068
8922
8118
8783
735
1560
1952
9497
1207
