275
8504
7126
4073
9740
4794
309
6203
3209
2686
6098
5426
2101
7814
3673
5465
8408
7010
9388
5528
9066
2486
4026
9155
7848
5533
4238
9439
8623
9372
3305
4376
1411
1293
5331
7923
7217
8375
6879
6893
7122
4702
8487
315
5505
2180
2217
726
4540
8901
2161
3538
2876
7733
8187
3413
6651
3845
6588
9506
7170
4495
1993
2685
1485
3165
497
1166
5036
7389
1853
1274
3419
4223
1618
603
2275
1242
6835
5152
4834
651
302
6434
6762
2815
4287
5638
5900
8692
2329
1097
4048
9046
6172
6618
5690
2427
684
3086
3855
2123
1765
6052
2137
6044
4707
2993
1681
7511
2682
9907
4517
9929
3458
7000
8791
2631
5412
6968
1050
2860
2271
4058
9709
7857
5507
2613
5170
9871
2210
9692
5679
2792
9511
2780
5055
4084
6530
9928
1897
7069
3563
5383
2141
2615
4432
3674
8598
2565
7546
7104
3928
8596
6051
4279
767
8916
9203
3140
4068
6995
2965
749
9699
7034
4711
9652
247
5589
