6211
6555
1888
8557
8632
8766
1187
8438
5665
5868
4283
4720
792
7808
2417
7735
8214
4483
9532
1306
7382
9915
7958
525
5524
4614
7256
8540
7322
6542
6002
4870
7657
8664
8560
9158
9910
6326
6287
1740
7158
6241
3506
8337
3472
7474
4166
649
4656
1975
8517
2306
9443
9528
7541
949
9047
4724
1004
2369
5404
5251
9447
3014
7104
9739
6755
4380
6366
3161
9072
3125
7540
7779
7573
2125
9125
7882
838
5401
4815
6084
6192
5149
4570
2981
9213
2574
7646
7250
6519
5515
5727
3347
9865
6014
3565
9158
158
9020
2632
5688
2918
8932
2472
9154
1358
3262
6631
9055
8308
3782
4721
9487
6607
6176
8315
7451
2032
8098
8130
7435
1905
7306
4650
6373
5492
2954
7053
7850
485
4316
4344
9529
3977
9865
2860
3057
1233
869
9595
1199
3698
2024
3445
7218
5565
5047
1452
6662
866
3978
9305
775
4513
6106
8068
4114
7530
9449
3930
2842
366
7199
4505
7313
3144
2508
4470
2344
