4899
8336
9680
6544
5566
574
2042
5459
3996
6376
9181
7527
9125
3509
1416
2248
5320
3621
8378
390
2808
4815
3205
6291
8450
5011
9790
1585
5880
3560
4919
2841
5558
6445
860
6165
7259
5500
7752
2181
5082
1725
9099
8801
9403
728
7870
2868
9911
2234
7488
9750
8689
2944
5607
9233
303
6876
204
8570
8614
1828
2365
1152
7728
1144
9643
7151
9070
8458
7479
3958
4209
6127
3963
9265
6484
6589
9007
9918
3139
3150
9314
998
2616
2895
6846
8119
4639
2681
6908
1144
6087
3575
9747
7689
9092
9234
8988
7984
