8692
2087
2701
8865
6778
9650
7754
7872
9508
4084
7760
9978
8557
8906
6651
2059
1489
3846
4466
9501
2222
1809
6726
7783
1524
8613
1333
9278
3800
5301
685
5086
9179
428
8244
9227
8586
4253
9205
4615
2896
1135
739
9463
5540
5401
9361
5107
8754
1573
1610
8529
3260
1645
8710
7899
5640
862
8104
2236
5023
6768
9997
8378
7623
710
6852
2198
1726
1139
3824
3753
2596
4499
3147
133
462
887
7758
2058
9535
7516
1217
8649
220
7076
4006
7551
7309
4396
4071
6765
7542
3294
6855
5060
6161
5034
6246
5913
517
9135
7020
5432
3926
892
7290
2659
5746
6059
9637
6141
9590
6121
6749
6684
1042
5806
7870
4717
3855
1861
5254
6618
3784
3193
8091
3745
2140
3692
