8594
9504
4519
9640
299
8201
8508
7906
3270
1760
1620
3692
7987
6844
2172
7422
2256
1123
7039
9276
2683
3574
9350
4814
7354
6252
8447
1395
9752
7154
2842
2259
4463
7923
7424
2562
9677
7942
8997
8569
2336
2011
5010
5886
5632
7917
9880
5923
4911
180
173
4725
316
7130
3207
3499
5803
5540
285
4562
6837
5600
550
5118
1558
2263
707
5492
6711
5690
232
7719
2607
5653
5296
539
1995
7018
9001
1016
6850
1041
6557
7864
9698
3224
9776
853
7378
3772
1566
8395
4488
9793
1660
2879
6296
3908
9325
4821
2197
4787
9591
2269
2844
1890
9672
7795
5977
9232
9377
7031
3725
6147
3563
3892
1369
3813
4756
6313
5482
9406
6040
5922
3925
9716
9576
8448
5318
6592
8199
7088
4065
4964
3439
5554
3981
7507
5821
9042
121
5752
5726
3570
2589
746
4051
1870
7338
8082
7367
8079
4705
6848
9055
7896
9369
3894
1540
5798
8650
7941
6704
8899
8258
2502
7755
5029
3546
2763
