2311
6601
9737
4105
4370
8233
5079
4040
4694
7035
3637
3638
3794
8822
6958
2000
5503
4070
4151
1559
7693
1244
3319
8797
6969
6712
2262
4501
8956
10000
8393
2265
9282
6757
2311
652
4605
8772
8311
9824
7286
5415
1108
8623
4675
5495
2546
1260
2869
6876
1997
1772
7228
7248
2765
4402
9135
3989
7482
6498
5725
2238
9027
9095
2500
4581
1099
4383
2178
9212
4586
7806
3534
3311
2534
153
3172
5308
479
196
1875
7001
1056
9364
9195
7275
1053
8857
9566
8359
2999
3828
123
6043
7015
4334
1211
9725
7453
214
