3688
200
9453
2506
8433
7424
6039
4839
2703
5337
7004
1782
6273
6813
4687
9991
8291
536
504
4212
5307
3032
8017
1811
4088
2143
1216
2574
7624
3763
8167
8234
4734
9410
7383
5776
8583
5447
414
6821
1366
5493
2571
9138
9865
4346
5109
6024
1750
6788
6955
5772
2682
2421
6591
6578
2553
7699
717
1705
5517
7038
8369
2931
5146
2100
2258
3936
595
5669
1547
9462
8060
3731
2388
6817
6775
9645
633
9826
5333
2739
400
1379
6589
4057
1699
2377
4849
3224
5786
4084
4809
2415
7636
3325
8222
2301
6675
3200
7280
602
3788
6279
7453
7228
250
7057
5396
2509
1170
8162
6533
9601
5328
2012
7731
761
1358
996
4319
2369
302
8404
3411
2386
3373
800
3190
3838
4076
5193
7765
1006
3340
5901
1399
8398
3460
261
1278
6106
4275
4224
9258
6252
4932
3656
4754
3907
2660
795
7858
2423
2056
6244
5985
6019
1345
5270
8343
4143
2645
5931
6304
8332
5322
5250
7118
3497
392
4709
3014
8989
1733
8532
4655
3827
3629
494
