3861
6799
9419
2266
7950
7248
348
1678
806
5270
8815
7535
1440
3727
4532
1634
2600
5551
9889
477
4949
4819
2651
5194
5536
5581
8123
5649
5481
1368
2189
141
4523
9252
9189
3154
7966
2201
6621
6180
8011
3941
5993
6687
3373
7313
7912
7797
3619
6663
7069
5754
3547
1326
3886
5932
9682
8387
2209
3086
5637
6316
685
1623
6732
6020
156
6049
1425
7890
8980
4566
2465
328
7984
3253
6777
1210
1660
8807
4167
5139
9770
3457
9165
5089
4461
9097
4415
5794
4626
1680
4104
9002
6370
5811
7324
4838
2987
3556
1189
8294
6712
5683
8701
5509
4504
6240
7938
2427
904
1748
3089
8401
6966
9043
4972
5112
6039
5608
1118
9167
4988
2113
4676
5550
8341
3929
2108
8359
8678
3784
3171
8686
6348
7682
7722
6034
6569
1839
8498
3745
1878
9099
9483
512
6354
2672
9738
8057
