3678
6154
399
4234
3257
2439
2557
5422
6382
7486
9743
8382
557
1775
3219
479
8252
414
1457
3521
7402
3053
1367
255
8824
4039
201
5132
7597
6745
2165
5671
2534
7177
8896
3158
6352
6031
5268
8194
9501
4756
7544
1344
6130
3315
1443
1895
949
4059
5729
2541
4142
5056
9551
3728
8009
3772
7642
7124
7832
3809
9889
6223
8218
7462
7383
4968
3146
4817
4780
663
3987
6244
5984
4996
8415
1585
7085
3319
2994
6162
6970
534
3620
4447
1542
371
7549
1830
2640
5645
1318
5663
1508
3659
7751
3591
5532
3640
5983
9845
5996
1065
4812
6352
6447
1244
5705
7448
2199
6163
6332
4107
7891
9925
997
1506
4647
5606
