4013
2792
8475
9073
163
6873
7158
6410
4755
6548
8590
2353
2047
6645
6713
3926
3821
3339
7718
8382
4560
4274
9336
1604
3999
1984
1730
6706
9736
5623
391
402
6170
2510
6635
6472
1552
403
4773
2760
8723
5847
4067
3313
8088
4485
3997
784
480
6741
7775
3707
5708
7491
9165
7434
1067
2849
8269
5330
4445
7736
3662
8714
4589
510
4864
2645
7919
9171
9685
6727
4573
2148
1048
1120
4189
8206
7441
2160
8092
1202
3329
4894
4582
4801
4728
615
786
7646
2940
1794
8155
1279
3306
6753
442
2938
9247
6796
9064
7938
5408
5771
4891
5964
2438
5331
3449
5755
788
2685
6819
7979
9605
4855
1977
3904
6144
3243
7418
4572
7402
3759
2069
3201
2716
2862
7860
9472
2537
647
1741
4126
634
9913
341
7452
7727
9274
3448
9576
7902
2681
4418
8474
2774
4044
4271
9521
