2619
7069
8380
7422
3749
2592
9563
6244
917
5435
2615
9244
8742
6821
9161
8607
9446
1193
5463
166
9738
6295
3194
7783
3206
312
3241
3268
7975
4303
3070
2228
1309
4294
121
1130
2431
5006
359
147
5546
1755
2038
8666
7836
4277
243
5416
4711
3960
8703
7382
8777
1176
8821
8828
3556
8439
9642
2474
6314
5570
3319
7068
5131
8653
5417
1600
1486
1216
7874
6191
7863
1561
4871
1089
9583
1954
9538
1574
461
5813
5715
7874
1787
6336
3281
5371
1703
2612
9974
563
9428
3804
8468
7237
6837
2040
5405
6406
8251
2381
577
4556
3194
7736
4544
844
9112
9631
7351
4772
6344
9900
3684
8492
6159
6057
5625
6937
648
2010
8057
6063
4282
9684
4253
7227
6736
8447
5710
8114
4037
2312
6472
2541
5408
4813
3198
9796
724
1648
5263
4196
7790
9668
7002
9871
1145
9128
6773
8710
3230
8698
946
9258
5148
1263
7905
9917
9395
8394
3550
5085
2061
8236
8808
4511
8820
170
4200
143
8389
3947
9834
4726
6899
3819
6539
4524
2796
2595
8770
3009
5439
2024
9300
4295
8898
1189
2149
9798
6420
8472
7491
4666
9189
2674
3837
5287
