131
6354
5372
7433
6911
1294
662
7387
5247
8813
498
2857
3283
7545
8473
1356
749
361
6124
1865
5645
9226
9083
4283
4379
6358
1667
8034
6020
7884
6160
8648
5784
7947
216
3440
4818
1847
3530
5598
1083
3422
8693
9733
4835
1033
2517
6397
9970
7482
6839
8226
1487
9973
1011
6537
4514
7418
2593
1331
6261
887
9909
4393
4555
4197
1415
3786
4672
8611
4133
475
1772
7590
9053
8358
3701
4229
3507
3553
8683
1008
5114
7588
882
2419
3695
6865
929
1968
