7379
4609
8641
926
6731
4231
4929
7458
9616
436
8404
7903
200
6895
6788
5415
1203
7531
8642
2949
3727
5681
1120
9460
9462
380
6856
7085
1163
9283
488
6290
9446
6077
3436
8207
4208
5363
1875
3447
6508
677
3285
1184
155
1723
6174
2130
3993
1854
5542
8905
5504
4913
7851
2073
394
8872
749
1950
2377
2996
9425
2620
4401
2170
9643
6102
4377
8042
6781
6451
9812
3215
5459
2958
3949
2881
7151
7631
5130
3215
5151
9911
9409
4062
6876
4204
9474
3037
3689
3351
8240
5436
5890
158
2325
2639
10000
704
9678
8046
8261
928
3167
8325
7204
2326
6808
170
9606
3108
7247
9541
4843
1766
9800
7304
9734
8418
6334
6002
3922
8379
6162
936
4193
3726
2767
6468
6995
2853
8153
5818
6000
6950
6729
1734
1036
1347
602
3782
2773
8806
1852
837
1366
6671
5837
7743
