4887
5171
1961
2894
4702
812
4476
4100
2432
9588
2304
7065
3760
278
5513
6861
8439
4139
8895
3271
2012
4201
6046
2798
4552
1937
555
2661
4044
3703
2324
4329
1325
3993
1134
7229
1622
4962
4242
8498
8038
1948
6100
2219
7389
5732
7221
3692
8160
1126
7556
5362
5203
301
3731
4442
5600
1645
2724
8432
6392
2396
2776
2914
5495
9405
6769
7374
9827
9684
5308
8470
9467
4730
9542
2147
7922
7350
1462
1898
8894
277
6451
8916
1213
3954
7868
1002
8718
8451
7771
2659
5777
8550
893
3706
4759
244
1033
6007
5574
4838
429
6219
702
5528
9943
745
3868
1577
