5165
9364
1177
3855
7791
9510
1221
9773
4384
2940
8855
8097
685
7182
436
5369
3981
8353
7156
6051
8668
127
5383
7209
4177
2553
1851
9526
712
6215
6486
5272
7308
3664
5050
5089
8576
1180
3717
8101
1337
8288
3144
9682
8755
200
7917
5512
9024
7080
3560
784
4476
5196
7791
2068
1424
8919
5599
5171
3709
3572
8931
7516
5711
5585
4905
4195
6937
4466
1556
5598
2681
298
5414
9400
4379
4627
2501
5275
5372
5918
2025
3577
2974
9108
1449
6495
3115
4404
9712
2758
3974
9613
1884
1096
6508
2233
538
377
3707
4958
3267
8675
6636
2147
5584
7178
9889
6250
9156
7630
7083
4563
4607
9018
2443
1783
9876
556
