1743
3319
9725
2052
8251
6752
5605
8588
1591
6117
2305
9846
6351
8471
7781
9950
8785
5878
8404
7323
8935
9737
5974
5951
3205
2573
8353
5261
4824
8429
2036
6482
3264
7945
9183
4836
9589
1230
2856
6965
5442
4765
9330
2143
4190
5745
686
9513
3587
3711
3137
9800
1971
936
5655
7872
774
9761
8823
1669
299
4633
8698
959
6446
2426
7716
3707
9169
2030
1633
8462
8797
3135
5552
6604
937
1364
4070
485
6124
4183
3472
9971
3022
5174
2550
5076
323
8056
3295
4123
3904
4530
4598
8314
4061
6329
8174
5931
1147
5124
9120
7725
7110
1755
8721
7215
7528
2412
5299
948
2682
8733
5021
8774
9050
8443
4794
4956
2254
5452
2573
2378
2170
9320
6652
9511
4111
1011
5538
3901
8059
8576
8850
5716
7718
8035
1351
9808
3890
4482
1893
1499
9346
2558
9531
6996
5489
6517
9526
2712
5718
6083
3425
2736
5061
8988
5966
2238
8645
5093
3672
3803
3544
9816
9240
5312
147
3238
5262
4311
763
2378
9733
861
5784
5840
6394
621
193
751
9336
7609
9350
4057
6887
4523
3483
440
9767
3223
247
6500
2787
5331
4382
6636
2287
897
6047
4022
7458
9465
4239
8742
3898
9970
5423
3367
2203
1592
8770
7919
4958
4831
2834
431
5327
8853
7351
2956
789
747
7101
4398
3539
7371
3571
9488
8548
4161
4264
9291
5730
580
4430
1588
2340
4282
