5790
8044
2799
1055
8106
1383
3581
7764
2839
1904
8541
513
5874
1608
2120
7371
7409
4229
6836
4924
3567
2755
655
277
6448
7191
7770
8946
5697
1027
3437
2387
1718
446
3651
8199
4362
8454
7021
8306
9874
9784
686
5389
7216
5911
8251
5063
7411
1135
2582
8007
6521
3326
7634
9956
3768
3423
4043
7654
1491
6981
5065
4434
7294
8192
8160
3765
4121
5245
6639
6089
9157
7923
6188
7611
5385
9884
208
8958
6650
5190
1229
1457
1242
7719
7865
8206
9778
7365
6445
9276
9908
1728
1409
5329
1288
9352
5010
2630
3802
1729
5924
1895
6413
1495
7967
2359
5112
795
3875
8081
8498
1665
5465
2107
365
6999
3727
4238
8461
2463
6978
7765
9558
602
7802
5441
9651
1210
