8186
896
3868
1946
6917
6255
771
5539
8580
9332
8586
1717
2338
589
7353
8312
9180
4995
2232
3090
551
2195
2026
6205
7792
7108
6465
9254
1869
1993
5644
987
9083
7005
6537
8667
7374
7811
8208
7763
3787
129
4066
3436
8473
9589
4492
8317
6446
3729
8286
1400
4856
3637
7847
3058
6389
229
9574
5882
6461
4660
9334
1510
1390
2910
459
3952
9488
694
4910
3355
2191
9495
7979
6350
7938
2112
5935
2572
8858
1802
7821
3660
2462
9681
6321
1097
982
2803
8864
3963
7433
3550
134
161
6417
7677
4006
272
1392
2926
9113
6956
1040
6010
6197
9664
8585
8976
6089
6196
5029
6236
9033
4580
883
7095
6824
3229
2362
1454
7222
7758
1749
4597
6514
8099
145
456
3807
6251
738
1502
8929
3478
801
6998
7217
2408
