8296
2528
2876
5400
6132
504
7984
5306
9616
6540
4635
1927
5260
679
3179
2253
6262
4097
6715
2281
8497
9208
1486
7877
3978
4270
4715
1375
4678
5578
3575
4833
6592
4095
8246
2372
193
4231
6048
6561
3098
4643
1228
3191
106
4166
9675
418
2959
5709
3541
9014
7772
7298
6596
2963
7027
5910
5864
5899
1953
2449
7295
839
3518
4531
2487
6268
2265
136
4144
9767
1090
4022
8051
5597
4716
7058
940
6979
8014
8591
7581
781
8320
3814
9105
9147
5353
7693
1082
8499
9298
4211
7027
5439
1960
8283
9367
8786
5771
2728
9492
9426
6122
5408
9188
620
4424
6299
5887
4327
8030
336
6975
818
4191
8307
3363
3598
9683
2408
7497
7550
483
9466
5124
9373
5042
9129
992
1293
5153
1032
5394
5996
761
2712
4511
2212
186
5751
4738
3191
9055
4162
1085
3182
6890
5040
8192
4015
1286
6210
3642
7894
302
3153
9111
1643
6506
7793
8947
2496
8094
4653
7811
6919
9635
9593
3645
2705
3791
8759
5489
4110
3117
7688
8250
7897
8150
6209
3880
3243
3444
916
3433
5602
9913
4477
5397
6035
6192
4851
5471
8590
8844
6358
4169
1894
827
9007
4434
8865
7498
8155
3904
9957
8805
2976
4637
2382
2223
259
3647
9626
5258
2377
5663
7439
2244
3821
6060
1473
3668
9874
4537
6471
5441
9897
8346
9632
5107
269
2871
6740
4376
6994
2680
1539
4614
7429
2786
4491
5989
862
4190
4371
6603
9472
3257
8705
7686
4104
2528
5899
8429
5496
6252
4327
2622
1498
2473
592
1115
9927
5065
5481
3444
9021
2875
6267
9117
9062
4593
362
3039
5472
6592
8146
5263
9145
6353
9438
1044
1362
2498
7838
8511
8788
237
7582
9252
3818
9214
5999
6957
4281
244
2528
3863
5788
8488
5068
2293
3756
346
5487
2082
8507
