1868
4131
7560
8633
8044
4336
1368
5121
2392
8982
5927
1187
3652
2239
7284
8845
5880
3383
5013
9783
5930
2691
9876
2624
6155
9140
4594
9964
9614
5842
6829
688
9238
6028
5605
1986
2795
4482
9965
291
1283
1436
3373
9688
2891
453
8676
2678
7136
9654
5585
3849
2732
4195
4952
1486
9275
3353
2555
205
2510
5487
587
5205
5519
3948
495
3807
1887
7901
1185
5573
7604
9544
7992
3886
2193
3610
1004
1596
3093
6853
8917
4063
8203
6747
454
2750
5107
5857
2095
8689
7358
8958
2744
4911
8715
1484
3856
9732
3132
837
6836
8003
5599
8160
8193
3760
5469
5041
