1752
7461
8637
7525
1818
9365
8883
6288
3630
4477
2424
153
4006
381
9843
2826
3069
3363
9774
3283
7240
1389
6683
6368
5167
8903
4828
2561
5794
1845
4191
6420
9578
8802
1150
736
8723
3786
4234
7580
9926
6025
9073
1253
1882
6529
6590
3568
6113
8561
3218
6131
1597
1297
2064
3057
4120
5273
8914
3957
1222
8366
7524
6193
9181
5337
9683
1579
2209
6348
9061
1923
2342
4577
9859
995
2358
6531
5766
450
5945
8020
4461
8277
8563
2665
670
3839
6494
312
4661
5662
9239
1875
7475
879
945
2463
4418
5458
8404
7835
1592
9515
3265
6204
3046
5722
1673
8774
9847
814
7073
7680
6312
5119
3685
7867
6923
5858
