1869
738
5476
1714
5209
8647
1816
6855
3426
247
5104
3305
5337
9731
2234
1796
2210
3628
4112
8186
2680
7095
4020
7327
7316
3916
4565
7114
551
5383
4375
3235
7122
3706
4060
7400
6172
8526
1985
3400
9694
6237
5431
9382
4811
8488
8135
5002
8823
1486
2620
8455
9574
1744
2941
1459
5866
9121
5223
6415
5482
7023
7046
3641
3150
2660
1446
8422
1032
6706
9766
9708
1669
8175
3935
2823
7065
1706
5548
5305
776
9176
6189
9549
3873
8677
322
2062
7752
1131
7434
6502
3256
5112
1453
2668
4204
724
2640
7822
8864
5974
4752
6247
7610
1952
9474
1228
9415
5577
