1965
5408
9086
4464
7811
9022
8985
6979
1841
8979
8548
5602
5020
799
557
7936
5635
9650
6401
5825
2556
8949
2033
4690
3496
6529
7056
8638
6947
9075
2520
7774
2557
5384
7639
8661
458
5602
5894
4543
3619
9625
6111
6994
7921
4354
3786
8048
719
2358
9170
1295
9767
1585
6981
3083
3642
7422
7845
2985
9600
8271
8827
1605
4570
5154
585
7488
6124
2198
6934
5970
8860
1005
3292
802
5812
2792
2425
815
9715
5475
8977
1331
6785
566
5985
2930
3552
9366
8772
3207
4297
9185
5723
4701
6548
5294
464
5658
1684
5741
5268
4909
6742
8761
978
8190
4886
5907
3789
5225
3307
192
2810
9560
2653
8320
9286
6226
