5928
7152
2140
855
6720
329
6232
9340
2474
3021
804
1418
8804
6943
8697
1563
3778
8428
3951
4813
1106
1936
3832
7882
7726
8654
742
5887
1453
1630
4964
1085
3804
1640
5084
2232
869
482
6540
2708
8213
1332
1562
8121
6777
5160
2692
8343
9236
6166
3048
1640
3135
4468
588
1762
7938
4709
8700
4212
1295
3896
2451
6994
8241
9396
1097
9781
483
6531
4702
9190
3973
9018
230
1928
5098
3234
8768
3347
4929
8137
8371
7841
8152
5503
4102
159
1589
4663
7995
9864
7279
3295
8535
456
5839
7610
8816
1078
3350
8411
114
3630
6448
1390
8501
7707
3604
8638
