1110
664
3552
4412
6854
3009
3875
3928
2755
3141
1532
6335
7471
3338
4898
3861
4897
5451
6079
5405
8368
6381
1181
1311
3707
6530
9641
7998
6508
834
5519
201
7825
6459
7912
4461
7167
8678
9591
386
9041
4638
472
6451
3414
9333
3414
9180
899
4525
8375
4932
8433
3323
2826
270
4950
9728
7038
358
8207
4257
2003
5593
1638
7661
9526
6387
3043
3748
2667
9049
9878
8054
5920
7254
9220
249
1655
3521
6082
8227
1535
4100
7469
9199
7088
9698
119
7619
7340
9040
9316
9807
6810
3412
9834
9491
5162
6863
7595
8177
2253
6314
8923
9048
3086
6254
166
2672
