6545
380
8067
350
7703
5863
8125
9150
3774
2503
7405
4780
6090
5270
7340
5417
9740
3907
3951
8132
6861
1148
2588
2199
8836
8205
3560
3902
6551
9446
7419
9022
5852
1267
8763
972
3405
3390
414
1234
7387
7471
7941
7779
2996
5345
1957
9853
4736
2925
6304
5858
5249
5491
2702
590
2300
1665
9424
580
9758
3014
6623
404
7411
8362
8156
7708
9558
8093
5409
7243
8164
5136
2398
6236
4535
6959
8587
6894
4440
7881
2074
5739
226
4666
9135
8571
1257
4652
4795
2179
8156
661
1157
4686
8671
174
3601
7463
9294
3481
7425
9163
6961
9663
611
3855
2834
9401
