957
7495
5741
1437
4411
926
7503
2002
5661
8244
9613
6636
6862
2786
9017
2755
5324
7442
3835
9944
4294
4290
7727
994
2567
2670
4237
8013
5675
5416
8499
9503
3364
4433
4919
6897
8525
7586
1229
5243
6970
3861
6604
1349
816
9451
7911
2278
1411
4528
7411
3159
1710
2375
6989
9083
2449
2113
3603
4385
8634
1323
3856
6554
3694
2368
3264
2087
8688
5281
196
2920
2055
3626
9232
3983
637
3588
8107
7218
2946
8978
1989
1833
6090
3120
5349
7337
5386
9084
537
1581
7567
6894
876
8936
5093
2535
2134
5177
3408
9914
2932
6801
8859
6538
5754
8090
5760
4570
1046
2130
5826
3273
5033
6976
9416
1059
9381
7106
1971
6529
3679
2263
9238
3702
249
8461
1234
6111
7282
6301
7350
3156
1940
5434
9940
2809
1146
9061
2745
1635
3216
6496
5082
5382
8936
6585
8195
8413
4678
8929
996
5138
8984
5051
9532
3373
9886
6804
