5232
9264
3920
1186
8376
6034
8470
4557
4699
1774
1149
8616
544
8769
6838
1990
4685
6607
9370
3930
3319
5284
3931
1010
5370
6782
1100
7675
8644
8015
201
1360
2126
832
4022
1229
4667
8377
6319
3539
6217
6676
4888
3120
2735
2123
2114
615
1756
8145
8010
2358
7586
7153
9425
4468
7097
5271
2489
1401
7036
1377
2032
1327
4769
8638
1983
349
5626
2682
680
8824
2722
9170
1251
982
1408
7413
2861
2652
2994
3802
1460
3806
5378
1755
9549
9445
8002
245
2212
2429
4039
4230
590
3249
2623
5173
2361
7652
7822
7111
6866
2705
4252
9602
1348
4847
2993
4787
9476
3415
9144
3534
9794
8431
6773
7136
4346
3389
1971
6122
3244
196
312
8784
702
337
5992
1936
3141
5273
5176
8161
2647
6737
9856
9440
7721
1694
