7546
3364
8787
8291
109
2585
8077
5732
1950
755
1628
4354
5442
4326
695
1421
9680
2274
9222
4704
2116
2706
4928
7857
4388
4772
8845
5017
2924
8403
5366
2714
7788
9633
1460
8362
8436
1292
7442
661
5573
1230
6687
6859
5500
3047
8430
7053
1898
3410
437
3759
5281
5784
3353
8617
8509
6115
6931
6539
7133
3268
1199
588
8653
5372
3535
391
6319
5654
1875
9509
8763
6632
9447
809
4567
925
7206
1822
9538
5040
2499
6313
4148
7192
6432
6133
1196
4140
7773
7464
1420
5899
1798
3288
6319
6378
4675
640
9953
646
5372
3931
1811
1048
5351
1302
1743
3309
1499
2711
474
6176
7129
918
6379
3341
3022
4606
