1652
5586
7687
9469
4888
4441
8086
8171
9411
747
7069
6816
3129
6660
6459
2759
301
8169
5019
1012
9064
7403
6029
5238
5035
8364
5188
3398
1237
1997
1039
8847
1923
8134
4613
5368
9538
3797
5403
5021
5412
7790
3027
4451
5174
4917
8520
8663
6853
6186
6945
4420
7603
3692
3364
8456
7226
7349
4946
1626
2209
2407
2688
7409
6478
1170
354
3335
2560
6780
1428
2755
3277
9266
9257
8514
807
2084
5778
9895
1474
9976
9388
9847
691
9995
5915
932
5892
5222
8549
7342
9184
7045
1898
7177
5260
8650
1167
2011
3927
4470
9268
2258
5520
688
2826
5741
3961
5188
1204
7761
9792
2237
9262
8008
8342
1578
9227
1433
1676
8012
1720
1584
8093
1392
7532
4424
1559
7431
9103
5594
1868
4391
4981
3762
5210
1535
4953
6200
3858
4234
5588
3958
6316
6872
6092
6102
7161
5315
