9778
2424
2886
3540
4209
5956
2311
9013
7767
9235
5973
4321
9310
6085
8559
8772
8416
4730
6523
2849
1320
6613
6642
8524
5348
4142
7119
814
773
2531
5113
3255
5967
1964
4241
9349
2945
4892
4819
7196
5725
274
2071
2575
7949
1671
8125
3576
1492
9371
5680
1277
8919
9386
6117
3420
723
6131
7191
333
8543
4731
7124
7345
673
1222
6994
8810
3113
2592
3428
9081
1736
3572
1560
7794
1017
2668
2443
4056
4011
7756
6073
211
8912
2757
1662
8196
8868
9373
3786
8708
4084
9490
8239
1675
2784
1633
384
2728
