6840
4006
7256
2861
3911
473
6437
7742
7401
2235
6295
3686
4518
633
1236
7932
647
8492
6758
3871
2170
5725
307
7318
6111
6052
5553
225
7607
3007
1973
5599
2937
2008
3074
9931
5159
8568
9977
5986
6317
3465
295
1603
4484
7275
2216
2848
5377
9456
298
1061
1731
6663
5116
7461
1964
8908
5760
7882
1564
1757
7570
6420
7298
2280
3519
2391
1824
5370
513
8472
3770
1014
3384
8798
2654
2188
4962
2759
6029
5079
5284
3508
3768
4036
9948
6303
9601
1114
5837
6836
413
2119
7442
5137
3033
8052
4683
2203
220
9559
4994
8478
3430
4405
7531
9692
9469
7153
2096
8082
3772
2402
3796
962
494
6200
1473
6083
2612
284
8956
3576
3111
7762
7479
8520
9813
581
3907
5912
232
5814
6103
3737
4486
7242
9406
1327
1368
9103
4007
1982
5694
5132
5777
6817
1956
4107
5060
1095
5838
2206
6502
9560
9389
9914
9751
9007
6202
4303
5001
7468
1141
3975
2747
8408
5504
6136
3661
8887
7506
1661
5332
9026
3995
885
798
2371
8831
205
181
6355
3335
413
3241
1624
564
8433
2817
7263
7590
9921
2496
4758
3647
1895
6683
5373
