3059
3489
2177
4082
9690
4081
2806
5072
8651
9802
3716
6597
6954
5232
7519
4117
5963
3601
2755
487
1196
7190
2327
1694
6576
5131
9981
2011
7541
2448
8968
8597
2395
4207
2547
7075
5688
5867
1766
8798
8754
1076
2354
8195
9003
7417
6041
6658
4914
3065
9395
8273
4844
6479
3244
3720
5825
4707
8681
3344
606
2115
6332
4888
5118
9144
381
9653
6485
5212
4086
6393
552
5643
662
3205
9115
2281
5215
1888
2161
9798
6863
2278
8034
2871
4268
9797
179
1395
7965
7397
8301
425
1743
8012
2124
3804
5249
2563
2572
7290
7386
9303
1914
8453
8438
4079
2191
2669
2815
3269
2553
2106
3487
5296
6551
1111
5720
4992
