2853
2556
5675
2915
8208
9018
4661
142
4363
6792
5470
2184
1151
9669
8080
3453
1824
2571
1231
2520
3481
8000
1862
4770
6194
9649
4315
9210
102
1773
8992
3422
3738
5535
303
4228
2696
6917
3228
5388
9072
7865
1821
5527
6864
9073
2856
7162
5874
7472
1650
6980
1893
495
2531
6213
937
3476
4817
4508
6695
5589
7685
5039
3570
4789
5832
2229
326
692
6665
7769
9867
8749
1361
205
5059
7793
7397
6513
9362
337
6645
7937
2487
973
853
8197
386
1292
6808
4061
732
4181
8146
8680
7862
8619
6327
9737
6310
3130
1082
7485
1139
8663
9787
1471
3761
3814
9942
7422
4762
5312
5669
5817
4034
2798
1792
615
4293
6719
5417
8732
246
310
5096
4814
8634
9633
3332
7372
8828
9167
6494
4808
7863
7812
7052
9008
4749
7915
3785
2297
5151
9144
4205
9757
1026
6026
3366
358
2277
3598
7279
1197
2079
7095
2534
1107
1753
7485
5160
5015
3739
6219
823
6886
6718
6914
1592
2700
7878
2391
6132
7839
900
1008
5885
6441
