5093
6686
8055
3930
2855
208
490
7817
8194
6110
8895
2112
520
3657
7610
5980
9718
1175
573
3119
2316
2478
305
3357
2079
1300
2894
4547
8536
3625
301
475
1347
5395
2566
5001
3616
5897
2331
6440
7988
7854
9956
6152
8682
1433
7851
4633
8536
1881
8271
382
4617
6028
557
1954
7823
8065
4098
3904
1200
1058
2928
4483
1424
1696
8292
5810
8911
2957
470
1156
9218
4855
860
589
7835
8483
2824
9701
8173
1420
9882
6566
3270
2845
6629
8622
4070
1653
4541
889
6196
8596
6457
2493
286
2231
745
8196
1539
4999
2791
6366
6451
5517
9529
8256
9276
1575
4696
844
255
8852
5189
711
2642
1567
9283
6582
5363
1369
6876
9399
6140
2491
2087
5791
6040
8573
3345
189
4516
6167
507
6814
2883
1009
1122
6326
9545
3879
6578
5018
3069
6088
9771
8025
5519
8380
3207
6404
1527
8945
8173
7773
7431
338
4339
8108
5787
9527
5068
188
6670
7200
5365
4661
8684
9836
3290
7526
4599
6207
6413
4387
2937
8772
6630
6602
7039
3367
4520
1930
1444
5092
5572
6925
7568
8105
