2575
4316
1283
7237
9539
2318
4028
1943
1116
6288
3896
4936
5875
912
8073
4073
6224
3898
8100
2634
5977
1824
8651
9144
6646
6101
2143
8058
317
3254
9706
2880
1207
1241
7475
5355
3086
3609
3818
4366
188
3156
9505
496
4375
8548
922
1600
3670
1159
7949
6093
3102
5698
4337
6277
5585
3973
2296
4920
8173
6114
296
4838
9804
4796
7245
318
8373
2373
6764
2033
4290
1074
8432
2410
6743
8654
5599
187
1674
693
5320
5296
1816
8856
9839
6026
6479
3314
9896
8382
1948
1569
7157
1650
2825
2968
2862
9910
1906
241
8695
6452
1422
3194
3022
6410
1780
9649
1049
4042
2656
7259
5597
4544
1260
9828
6620
8329
873
3373
8469
1329
6998
7420
4387
8496
4400
8389
