5452
516
8722
8412
7909
6282
8266
8483
6645
5174
4643
1929
171
1398
3353
460
1359
8638
2329
947
7715
5018
2634
4787
1240
9873
823
6357
4939
5751
9603
9942
2555
3145
641
3368
6979
9808
727
4417
7736
6364
7854
3538
3931
2312
3302
8763
3366
1204
362
5257
5069
901
147
1602
4140
9660
8882
3737
6440
5931
4718
3532
7955
9794
3284
963
3987
519
7082
7036
6246
1339
8834
9388
4768
9010
128
9545
9843
9002
4057
8841
6300
6419
510
4589
1022
9751
243
3864
3983
8622
6367
8795
5410
6868
6879
9224
2761
6006
5729
2754
1002
3809
3526
8816
6934
273
728
1729
4076
2607
7637
7436
3824
8223
6512
9308
5124
8720
7607
7183
2001
323
7168
3562
8980
2882
2918
248
1010
468
5587
4632
8106
3391
4781
4627
5124
4664
6992
6878
1825
5919
9778
3457
5124
3743
9132
6501
2940
4706
9060
3722
7887
2239
2456
6133
7581
3316
1604
9865
8323
5253
1445
3074
296
5622
