2181
8256
2374
9266
833
5960
8793
692
845
1544
8971
5460
6754
1663
8826
6087
8739
9321
1843
3469
6257
4115
1038
3735
7351
6483
1397
883
1653
5947
711
7430
178
3428
8966
1110
2285
4339
5831
6033
3012
8159
7267
6178
9654
436
1133
4168
3109
5819
9278
7473
8817
1049
1976
1263
2067
9029
2061
3399
1915
5492
2193
4526
318
3491
6038
2573
4981
6198
2677
4454
7680
5065
3820
4263
7928
9410
727
8558
872
7054
8354
2504
6659
4507
8842
7799
1674
1367
2142
5364
9253
176
8929
2967
8602
5756
3299
6015
3009
7369
1129
4520
3860
1123
2198
9731
9688
8655
6687
2341
8198
9957
2207
2426
4232
2455
5582
588
4344
7878
6329
4226
6956
9268
846
4486
3009
9379
7957
3027
3249
6270
6536
4447
2678
2938
4764
3451
8483
3470
3247
465
7425
594
5627
9999
6683
5140
722
8815
9958
4694
5446
5881
7093
7342
7398
7214
9305
7738
4490
9134
8871
1262
6194
2834
5777
5158
6824
6943
1559
1608
3016
473
6161
8276
3103
5704
9665
2648
4315
7806
7742
9960
3297
3982
6840
486
6627
4475
6040
2375
1382
2477
8501
953
4804
8493
8625
3927
8216
8890
9332
9816
7600
4353
1838
1450
7714
4148
8078
1622
4445
1163
1571
9247
7668
9118
