7546
2525
366
3019
993
4610
9287
2241
3926
571
1541
9002
7666
4672
5649
3398
5846
590
2210
1572
7298
1103
3991
146
3356
5634
8009
8677
1306
6003
7109
2430
5637
4920
4162
4545
2365
7747
4850
6355
8374
3554
4554
3798
683
5149
9888
3766
8580
2913
2597
9850
2603
3491
2531
4854
8082
1754
1141
7463
5455
4149
4973
2923
4693
3505
2771
8713
3817
5559
501
7767
9830
825
5543
1970
1690
1029
6651
6434
7552
9135
4894
628
6118
8125
2253
7508
7746
5993
9439
9056
5122
7074
2174
5724
2748
8006
3710
8512
5647
5605
2250
8063
941
4878
8670
1435
8135
8956
4547
4017
9231
5393
1461
1553
4414
384
706
9479
