4120
5962
9374
4434
5246
8054
3650
4401
9292
6272
5451
6151
7556
263
6034
6362
4816
965
5342
6822
8712
8219
8322
3469
8699
2270
4611
4377
2639
4273
3723
3806
650
667
7567
2964
1429
1093
4045
2436
801
3765
2810
3060
260
8808
9109
1490
6829
866
5016
6928
2000
5720
5138
9205
1265
6406
9977
1650
8329
1721
7689
1578
1989
4291
9999
2387
3432
152
4947
3181
1108
497
4411
1127
6739
487
1425
906
8384
2814
5671
7170
6544
1770
3937
886
8767
5065
6911
726
6229
7460
1891
994
8095
2388
1433
4196
3481
3484
3879
6434
5690
9487
6206
9968
4537
4130
4536
877
9586
328
8575
2336
9205
7352
5817
4917
9341
1923
9147
6357
9989
1679
364
9442
5645
6269
2355
3784
6080
3000
2646
6298
5542
1674
4214
9963
5029
6394
602
9457
2151
4176
4002
4478
530
7192
6671
208
2912
9444
7905
1980
790
5801
7544
4737
2865
9639
2624
7799
9085
5226
9892
8365
2748
3116
4272
8273
5276
3797
8134
2632
9858
7362
1738
5711
7149
5402
220
3886
5509
314
8634
9255
4471
4823
