4992
6831
6197
2854
3790
7870
3638
3523
4619
3739
5367
8667
5869
2534
9789
1787
1045
7040
9802
4591
5175
5826
3224
6072
9081
9168
7868
704
4647
9464
9119
1580
4008
1328
7799
9883
878
9649
5814
413
6755
7947
4323
9170
2872
532
8274
2120
4881
416
4495
378
1325
4561
2183
8515
2853
2211
3092
7633
9344
8031
694
3277
2248
8075
7405
1277
9816
3091
6278
9063
2107
9858
7432
5088
2289
4868
4971
5095
7772
4191
2863
4580
8858
4276
2139
8290
9891
1725
1117
9368
8326
4978
7799
3835
3582
8834
2086
4380
9493
3818
5666
3877
3903
4021
3185
2936
1385
4356
4365
7490
4930
1225
3353
5417
3504
1472
9971
7419
3090
1651
4702
8342
1587
9119
2779
6434
1528
928
6083
250
7836
6228
3552
1830
3369
1741
8433
524
5579
1560
4795
4518
8614
9800
4769
5608
4552
3048
7223
5382
6362
4466
2013
2231
7873
5178
1453
2441
9879
9107
8885
8610
8786
3876
6366
5935
8088
8299
9611
1069
6642
4780
6685
2616
9864
1488
3614
5007
9296
445
7523
8923
8377
796
5033
1580
7391
8142
