5165
270
3245
9522
7336
1972
4150
9870
4717
3063
7599
3660
6438
1038
4731
5836
2970
6399
6755
9051
4422
8417
7667
8050
9397
1496
8343
3706
8358
7727
9748
1161
6453
1962
2765
2138
6340
7068
2134
592
2433
1389
3115
1740
2634
4228
7153
6381
7429
2820
9328
9387
489
8756
5452
3900
5562
3890
9557
7379
6346
8779
5168
2722
4528
4348
1026
5590
5290
1193
3817
8494
3416
6463
1963
1785
2327
9013
8751
4363
767
5183
3327
9438
7023
8037
1244
1950
6909
2398
3956
632
2624
9566
5119
1149
658
3901
8314
6033
1070
2622
8422
9839
5067
5565
6515
2164
5654
2283
7752
2534
5516
1643
6381
2162
7408
1805
652
6200
