1996
8605
5176
9267
9420
2872
4232
5764
8711
4191
2342
9809
516
1584
9455
214
6996
3363
6390
9488
6476
5860
5330
4023
4365
2276
992
7377
4040
9508
2704
3039
1910
5021
2785
7138
712
6202
1287
4217
3659
7427
3505
2766
2130
796
2108
4441
5854
4372
9801
1547
9398
3968
9776
529
3930
9672
3967
5276
9509
9557
1757
4484
4145
5445
1518
6301
370
4345
2098
5591
9692
9007
3739
494
782
3110
8426
4133
7117
502
5473
7084
9507
6489
1818
1596
7357
299
8140
8010
768
6371
5566
6525
8585
1547
7297
3786
