1329
2064
4591
6673
248
7537
9427
3660
2182
7885
6778
3086
2407
1963
1882
1846
2372
8799
4640
9953
4656
9628
6590
5032
8179
1704
6787
6215
3206
7232
2562
1677
5547
4949
5646
8801
7714
9782
9198
4229
948
5308
7575
5976
8864
7133
9848
6879
5100
3830
2886
5649
2506
7465
6930
3230
6976
8262
8845
8279
9926
8053
5264
1418
1428
1785
6849
4116
9415
9756
7045
2085
7035
8662
3814
356
7181
9107
1951
1558
4381
8568
6424
3284
7139
3837
1670
7568
5344
4558
5792
2396
616
9087
2562
2380
195
5683
3859
8481
6783
3854
9043
3166
8974
5486
3730
7298
9991
3867
