5415
1140
3387
7762
1550
4107
9648
2501
1166
239
6605
2341
1075
6165
4948
8918
9830
7211
6503
7785
3330
6195
9984
2014
1383
633
8259
4086
104
6646
2577
372
8836
5562
6775
8491
6304
8738
9621
6024
9817
5192
5755
997
5996
454
7453
929
8019
1124
4286
801
1311
2989
2384
7522
1815
3355
9401
7495
8084
7585
5378
1550
8627
6708
7568
131
8483
5748
1171
4128
6212
7015
5583
8832
2163
9159
7240
4932
1862
4366
2570
1375
795
2593
5003
4578
6577
4645
9130
1050
6951
8171
5078
1860
6281
2427
1865
4076
