3890
9353
9032
7268
6698
5088
3507
8122
1610
6072
9548
5021
565
4749
7000
9532
9003
6957
8195
5718
9841
585
5294
3662
5964
4436
4201
3722
8846
9731
4936
9270
2276
4554
5193
3081
1255
4532
5183
4755
5946
8556
4835
4273
9498
5814
8840
2623
6014
4224
977
4820
1455
2368
5579
4702
5431
4033
7286
4928
5535
1928
896
6876
4414
7772
7852
4522
3920
8328
126
8991
6815
5208
2783
8193
7617
152
5514
7860
2468
4509
6023
1369
7506
1603
9604
5467
4943
5519
9354
5186
498
7574
3028
7542
3131
1963
7364
4151
8676
8663
969
7968
9550
1140
9429
8316
4232
8748
1183
4208
1284
3704
3236
6476
8537
8611
2792
3051
8578
6574
4087
5789
1101
5635
6536
8259
3079
4373
