8438
9409
765
199
7517
2792
3890
3442
845
7634
3608
3442
9630
8972
4333
4801
6445
7300
1850
3945
7777
650
1940
8952
7064
2661
1290
3361
904
5960
2191
3068
5345
5130
8826
5468
7571
2823
1696
7342
5537
397
5441
696
3509
1680
1327
4064
5110
8644
8969
3551
2688
2362
8578
8638
6107
9694
9856
9160
9212
8550
8251
2971
7709
6449
3795
8651
6209
613
653
6026
4715
7880
3875
2195
5682
3751
4694
2421
8583
2971
1628
3978
6164
8864
9369
1773
460
4284
6705
6162
5118
4213
5055
6529
7806
2265
7700
5108
3633
1227
8598
2862
4351
1421
3213
9883
6684
4390
7867
9602
2234
1921
616
8723
6666
5117
6164
5567
4525
946
1331
5793
9125
8580
7712
836
6079
5515
8163
589
2987
5324
7767
6443
7589
9086
4006
6486
3087
8903
1460
8426
6703
6757
8077
6199
6728
4492
