3755
3917
4439
8617
5778
3452
714
9301
1214
6441
1164
3936
3501
7887
5799
5604
2134
8406
3804
6593
5759
6910
6624
9714
9165
8427
6476
5069
9787
1931
6154
1420
6681
2548
9432
6250
6670
276
723
6919
3434
3289
5122
3439
5682
3402
5934
5180
2858
8949
6124
8094
4317
7770
2910
3150
2209
6381
7697
6289
9234
8066
7635
6060
8961
3216
9393
1508
1104
8058
8841
8449
5074
5499
9275
4945
3882
1657
6124
7509
5446
4830
7903
4488
9290
3443
5755
7880
6059
4591
8391
3546
5532
7784
2739
3638
2841
2711
7008
4787
9665
2586
1063
3033
1200
7576
4469
8517
8192
3603
9979
1696
842
9519
5267
4002
3440
7192
7538
8376
