8157
2604
9204
8789
4380
3828
8832
8548
6332
1244
6243
7732
614
5293
7281
535
8929
6974
6821
4218
6289
9882
4381
8381
6514
1918
6572
6097
9601
6288
6142
1676
1768
5978
2205
1688
5985
7292
4652
6316
7662
1014
1840
831
3745
8780
9132
942
7186
1837
5132
6215
6943
1302
3084
1323
1678
3885
2980
8680
8717
6747
5371
4970
8494
4011
3998
7249
4444
4809
4875
8262
4239
5714
2276
7786
7074
2708
5853
9199
2032
3457
8888
8078
7711
1218
8363
1666
2063
7208
7805
4680
7368
7203
2937
8311
5727
369
9149
6984
7327
8147
1711
3355
1114
449
2795
355
7485
4589
7160
2209
3376
2758
1069
2971
2287
6400
2402
2164
6064
534
5101
1377
5474
6544
4056
325
3427
9091
3651
9227
4997
4026
8003
9755
6690
9356
5305
3735
6293
3552
5001
1219
3476
6103
9319
2644
1927
5537
