2834
5300
532
3538
1193
4605
388
539
4164
6089
3213
4118
3982
6591
3440
9217
775
2234
8060
4999
9024
634
3941
2863
3066
5426
6698
8939
1588
217
7518
4377
7500
2445
4888
1275
3055
9968
9188
4483
245
426
4851
1004
296
3143
2092
3954
5470
3277
638
2195
3528
3009
3291
9890
9036
986
5411
133
8939
5824
7136
8516
7331
3178
6297
1433
8697
1284
4735
3175
145
726
3383
9134
5555
8175
4781
8304
3801
5507
1377
7595
751
1093
8485
2026
2121
798
6882
6913
3294
7213
3700
7613
9181
5601
489
5555
5486
3164
3925
3071
9205
1580
5909
1476
6098
271
9136
6271
8235
4038
1462
4166
7262
6910
9919
5600
4413
7499
3604
270
6016
3150
2220
8738
8668
5598
4821
4122
7064
3225
1736
7078
2641
6200
2720
357
9705
3726
6129
2299
9653
7001
6406
9098
6748
9402
3095
7496
7371
8151
5816
7328
841
4077
8607
999
5149
8722
1821
3131
7206
1142
147
3113
1811
4178
1924
5737
690
5024
6139
7938
6874
7253
9659
6259
2287
7416
2039
4591
3514
4052
8560
9717
100
3435
5437
488
1308
577
991
5653
4817
5559
2682
1299
8691
5512
1975
7876
1574
7253
5498
8083
3703
1051
