1581
4524
3998
7443
4054
2065
5352
8175
6596
1737
8749
7432
1750
1001
4977
4070
378
8953
2899
4840
6389
2626
9591
768
5930
6186
8616
2727
4163
3362
2552
267
9187
2052
7558
9049
9655
8157
1723
2738
9582
683
7400
931
9454
2422
9487
430
4035
7655
7834
128
5620
5719
8679
2576
8064
8639
5502
3391
3021
8021
6006
106
8994
690
5643
197
8742
5507
6914
5155
7996
6418
2955
5760
5128
9287
3347
4237
8655
4595
3334
5606
6321
4539
9287
9113
4696
6228
9801
3018
3768
4065
7630
9650
8353
8501
9167
4868
8528
9874
7263
9959
6755
2780
5784
8270
5465
2102
1024
3536
4233
6515
2360
6828
2276
1344
1483
3347
6254
9124
3589
7288
2834
6238
538
3873
9405
7009
