8710
4202
5333
7716
8412
9614
9940
3775
9854
7775
504
7395
211
3970
5023
345
5611
2750
4546
6437
7016
153
7955
5869
544
518
8528
8522
8064
1186
8862
9091
7285
378
2472
4565
4905
1365
1876
581
8170
5545
4514
1289
8464
9066
3034
5855
548
4279
2170
1796
8020
3024
7278
3067
6405
5430
949
1933
5307
8285
3931
7431
8441
1067
5739
2103
3254
4271
1117
6264
7502
7607
2229
2624
7085
5243
5195
9638
4871
4817
7240
2810
7334
2219
6216
3695
652
6079
6754
9864
9095
9639
4623
3050
5350
7674
3288
2008
8050
7163
5414
1171
2659
9826
9819
3258
3531
4621
9634
2020
1125
8590
6815
2694
2762
4791
5299
7339
6842
1980
8129
2078
2083
9077
3167
6097
838
5944
2982
9991
3400
4176
2710
1634
759
553
2217
6068
4609
3822
1393
7380
8974
8596
5113
190
797
8114
9461
2798
9316
7481
7634
2696
8643
7756
5997
661
