2645
7749
5344
9094
9698
8697
5574
7772
4482
4991
3983
1884
5529
4064
922
9749
4504
1619
141
6577
614
1660
7073
7400
1081
6204
2358
9432
228
4288
1692
9108
8610
8450
3952
492
6884
9926
9824
2036
2421
4494
8973
4406
2416
6553
3822
8434
5530
9437
7804
3642
2647
7040
9581
2703
5851
9997
3012
1157
7634
1506
971
8926
5381
1063
5031
7298
5550
4698
9808
1508
9481
8830
2095
1419
3983
7686
4699
3156
4301
9542
4563
2978
4658
1612
8702
7472
9150
4622
1034
3694
3532
4733
526
109
1302
8579
2433
2430
2207
8082
8328
9998
9463
3562
8690
3889
5016
8603
3527
1175
1763
5620
6093
7568
4845
8834
1698
8485
8373
6148
176
1358
3965
4787
7442
5310
5604
4709
4890
2193
5928
2917
2672
6644
3917
4569
3079
640
8513
6637
235
2333
746
1472
3393
6296
2251
1911
928
5236
6654
8413
4168
8750
7875
5709
263
1151
3876
3586
3538
7391
3128
6586
1866
7777
620
4649
7069
5782
367
2954
7587
4670
5787
6905
4215
8666
624
8817
5478
1798
4577
6947
114
7500
5562
6943
9158
5305
1624
1549
3893
750
1803
3271
6618
212
5060
6578
6991
3466
5063
511
813
2036
1490
4328
