2395
8407
3053
9913
443
5478
3059
2514
3162
1915
7081
1860
6955
2744
4352
7258
8320
2587
678
1329
7837
883
6229
7707
340
1845
6122
7105
1765
1945
7451
2656
5643
8777
7104
7268
8313
7136
9555
2048
107
4526
7268
659
1267
7019
5306
766
4171
7922
6593
4360
9898
753
787
6384
940
1545
9475
988
6977
6911
9841
6445
4680
5464
2207
1222
4681
1344
8568
765
3309
1607
9130
4805
8781
5814
3269
4227
8796
6849
2828
5740
7698
1081
3967
8995
5087
5083
2340
912
6223
3668
4793
3254
9790
6714
3200
813
2235
3222
3152
7360
584
6478
2897
2682
9660
7036
