1988
2871
4198
1221
2171
8572
2483
2953
4040
6379
657
3838
1590
1832
1237
7369
1673
7100
6355
3233
8754
7146
5160
6705
2638
2940
359
7516
1027
6919
709
1483
4230
8391
2513
657
8273
731
2814
3413
5767
6716
6099
7076
9292
5087
4156
9735
1648
7944
3152
1945
9168
3892
3115
7790
1657
8534
3350
9674
686
1526
9863
1423
4631
2225
596
3508
3421
991
9526
2955
6895
248
6321
9585
3419
4847
1210
2425
9095
8176
1852
7190
2729
2835
9537
249
7589
366
8758
419
1765
4435
3053
2096
1064
4420
2267
7737
8635
8505
1888
6392
2597
5150
2072
8724
8154
4868
6557
5239
1943
6835
9361
9222
8528
309
6220
9670
8359
3652
4646
7440
5068
8688
9796
5062
1666
1100
5259
8442
5107
1353
3815
7355
6862
2596
3974
9825
6591
1305
5535
2470
5587
1178
6032
8283
7018
444
2177
4217
2395
9745
8189
2574
2800
9344
3429
7556
4703
3160
1664
5800
5291
334
156
8138
6940
9931
