6653
2863
1430
1250
8151
4274
4362
9804
6445
303
2702
4578
9853
8690
3352
2632
614
9371
3980
4273
8349
5317
3401
808
9421
2515
6808
2643
7278
9193
8806
1706
5268
6858
6982
4723
5632
4680
6586
8504
5470
9866
9078
5055
1275
8501
406
9744
2641
123
9004
7984
6333
3220
569
3855
4044
5794
8189
4387
6362
9768
9331
5139
8211
7205
3053
7961
6151
2187
5970
4714
2699
966
3630
6399
2230
5943
6612
5839
5933
8383
455
137
5296
8658
5177
630
5762
7932
3227
1770
4900
707
5983
4242
9361
7961
3282
7398
2335
2866
2957
1357
8889
8965
5046
1760
2904
9958
6364
6935
4542
3897
1748
1443
3624
2817
3941
9124
1226
4178
8446
5903
6044
7926
6245
2592
463
3474
322
9800
4157
4746
6339
4886
3812
6521
8399
4509
7714
1296
4864
9310
9490
1211
768
6133
5415
2358
4258
9092
8775
2775
5075
4350
4614
2102
7000
9631
