2704
2273
9625
6278
9391
8982
7837
7281
5060
9923
7719
3701
4091
891
1819
8335
6335
119
9670
2475
6742
7477
3428
9723
3465
8378
5730
3826
3375
3631
1150
7823
6912
5572
4085
933
9138
325
8704
251
4566
2803
6941
9628
8133
5231
9503
4634
1653
6160
1602
5589
5553
8840
4009
4206
3205
6313
2273
2601
2426
6534
423
6523
2191
6460
5456
7135
6263
645
9961
2514
5394
6788
8130
4536
8107
5032
4717
4084
176
6793
5123
2685
4918
6362
2573
5506
9750
2664
5998
5481
3903
1690
9466
590
6009
7316
6384
7700
6312
6115
3970
8604
4654
1864
2537
8057
7745
9654
8131
9752
9543
6756
5045
7948
3967
8656
2810
6492
137
1535
2833
5199
7248
938
7857
1448
1563
4004
5369
2249
9215
5847
3841
5815
4714
7262
6696
4164
5514
9142
1238
8240
5132
4319
832
3289
8398
8658
4489
6660
5423
6701
7453
9952
9863
9034
6776
6272
5093
6995
5463
4827
1284
7498
2734
2455
4483
4732
2695
2914
1230
5269
7211
3373
7683
5173
7653
3830
3814
3454
8430
1609
3996
6050
5654
2622
8143
2618
8801
8936
9754
3555
1390
887
4538
6850
3849
6848
