7886
4744
9420
1837
7178
6501
6839
3421
3035
4408
6681
5601
3505
7537
5962
5980
6227
8872
4136
8313
7665
7931
6223
294
3813
3660
312
8373
2683
7110
6396
8920
6929
2961
9081
5480
4851
5290
9575
5431
6415
8029
6756
2559
5292
1733
6552
981
2629
1782
3447
8882
4652
8394
1672
212
9487
9165
7523
9263
7414
3825
1713
1275
8217
7272
8828
4274
1730
8324
4552
5197
6744
1248
7511
2605
4210
7108
1414
7024
5725
2951
7559
4399
5186
5777
8430
2459
2113
5106
2761
2835
6237
1630
2943
8392
7929
7567
727
166
3992
8984
5141
8759
9776
1177
8302
7412
4920
7457
2260
2256
7962
9765
3591
9235
7784
9422
5387
8693
3939
3797
2266
3474
4793
8083
5667
913
9611
5209
7042
659
8774
7893
6866
1681
5840
3671
6046
3728
