5572
4944
6608
6588
6116
303
8093
8818
1488
7729
7897
8608
9292
2790
1578
2465
6737
9272
3451
2506
7660
6645
8659
9115
3442
5318
1267
3293
1512
3712
7754
8050
2834
6808
4353
7007
5948
3174
3675
4755
8412
9420
1121
1615
5147
2598
3132
8788
8557
5553
813
3415
7775
8440
2696
9358
4798
7475
9534
4820
2141
5259
2508
4717
9965
7290
8103
2155
9176
1223
9207
9096
7947
7228
1632
1362
2526
4363
8211
7438
892
6603
269
2826
8181
696
153
1269
5730
4300
4334
1743
8053
750
913
6770
9390
5889
1147
552
3227
5816
6116
2503
3339
4726
1464
203
3875
7485
