3085
9435
7707
7220
9992
3785
6787
8369
993
9698
9950
558
5644
1268
3352
4958
2533
7300
2295
2869
8750
5084
3911
204
7102
5789
5104
8487
757
2506
6942
6300
8051
5551
2698
2470
9842
728
4331
9773
3829
5993
4033
8517
2604
3010
9104
1777
8536
6270
843
4393
3535
4825
1296
2316
6770
949
798
7683
1754
2443
4615
1730
9045
632
5182
3678
7735
6822
3502
8611
611
6732
3470
6776
8679
1138
4453
7192
8317
3429
6123
3777
4652
8536
6417
6287
4059
5656
1802
253
7692
4290
8848
1719
9137
8807
7596
8855
5778
8886
1614
7972
7471
527
4976
3553
2298
9033
8900
9922
322
2129
719
6173
7996
9114
479
4209
4649
3965
158
2379
7630
5513
5800
2128
4271
4759
