9929
4995
9299
5981
6671
2611
7451
9323
1721
1723
8407
284
8981
6285
9369
3917
857
750
5982
4951
4499
3836
1564
9986
833
6346
5671
3297
8219
8903
8047
1350
7094
653
8721
3672
1326
3290
3844
2533
2986
3745
916
7255
3555
9348
8656
1358
9934
277
4500
5554
7208
7599
3920
2065
8864
8713
2682
7979
7178
9884
6141
488
427
1420
2445
9500
6223
5794
4875
5479
3784
5351
7958
9542
6318
2572
2116
2266
3801
263
4340
4383
6945
278
5289
7373
9943
1420
2529
227
8314
3915
2355
2528
2933
3849
222
272
7296
7144
6006
5753
4381
2982
3119
6610
7800
6957
400
4508
6870
4124
4985
2812
3417
3541
1846
599
9264
5503
2544
3164
2715
6111
8193
1133
6356
4519
