2190
8855
5522
3568
3643
5310
6937
3395
6895
6972
5442
2966
3844
6552
1126
5388
751
1009
1562
8191
3875
1477
3259
6909
1392
6862
6335
6327
4570
188
823
6564
1177
8511
6818
5036
4930
9766
6553
7530
1705
3945
2942
9147
997
9156
989
5869
7515
2630
6919
4167
9304
4876
8362
1531
5611
8263
2173
2998
210
3100
6130
8555
4934
1554
330
1556
3122
388
5430
8010
4754
2279
1141
4251
995
221
1498
8362
6942
4997
1797
642
8697
1626
5196
8586
7705
9696
5261
5931
2056
3456
3584
4635
2872
1870
4716
4389
4977
2723
2504
8605
4582
7322
7760
8175
1912
9367
4630
5591
7583
8882
9866
6529
5327
877
9003
8281
