2229
1976
1966
1543
5438
4386
8307
2248
5796
4238
5190
244
268
4603
2840
5323
8568
4984
4653
5592
5583
514
6445
377
2511
5315
5093
8077
7634
7364
762
414
4766
9456
6656
7168
4003
4435
3829
7868
5541
7575
184
5259
1404
3116
6456
3291
827
7140
4467
2974
5024
6673
2265
4139
2961
4754
8714
9157
3207
483
2396
9074
3689
8669
2607
8229
7893
3897
9642
1655
9662
8208
527
4876
2259
9794
1786
4375
2708
5163
1250
7081
3102
1804
2948
5263
9289
2537
4604
4441
1339
7626
4542
8482
7244
4578
1294
5129
10000
5103
3163
5066
458
9087
1811
8036
2358
758
8167
1174
4241
3762
9932
931
6546
729
306
5745
