1722
7218
4322
3915
4628
2301
8201
1790
806
9069
1436
3928
1618
8581
130
123
7420
6778
1029
4696
8504
6790
4105
1590
1778
7540
6601
6883
602
9766
622
5751
4866
4957
8853
1610
594
8929
5234
1650
7163
9484
9952
1191
9055
6028
8967
9115
810
3475
7047
7443
1393
8230
7483
7695
302
7979
6198
6195
4376
9747
8036
3506
2894
8202
845
1848
5729
1310
3109
2730
8861
9045
9902
350
3414
2240
3700
6357
7763
7637
4162
3042
6495
6459
6164
9607
2149
1832
1841
7465
6036
6313
5306
2925
9367
868
9695
3928
3418
4800
5840
4756
5416
4957
9523
4333
7574
8611
4311
9885
1078
8357
3013
889
7909
8885
4447
7434
3749
5792
2715
6900
7268
6250
4213
7079
3119
2408
