3298
2863
3127
8907
5059
3416
3569
1347
3466
7385
7422
2703
4920
9722
3723
7124
1405
1948
5061
6853
948
708
7808
791
2872
4049
197
9574
3693
2005
7377
281
6528
7582
3633
4497
1405
7128
2964
9348
5830
8992
1886
2953
8791
1756
105
3575
9052
1478
1858
2281
9150
117
5415
7785
4181
5809
5729
8386
7128
8399
2572
4148
9085
9497
1372
3488
6009
197
1959
5774
9377
9663
4879
8335
5796
3882
2784
1821
8301
473
5151
4070
2109
7786
174
8126
8155
732
1698
3745
6250
2207
9658
8302
9205
5286
9297
9688
9699
7621
6591
3497
4884
353
3632
2098
4488
7479
3280
1836
5568
1023
5995
1868
919
4853
4419
8765
4535
3747
6379
8724
5897
5490
7535
6480
297
6273
6805
6655
9842
5708
6838
7578
6800
4958
6707
9506
