2965
6638
8687
5959
2227
9035
7800
3642
4624
3547
776
660
6179
2641
4571
5952
7438
3948
8446
6212
8150
7311
9574
5494
8066
9399
8699
8673
9792
1668
5087
814
2449
9709
6282
2874
8933
501
1814
1976
5397
7429
8125
4497
3470
7276
9347
4145
3891
3158
305
6525
3008
3342
9425
788
4243
4743
3404
4168
8592
5343
3480
4171
4421
7496
3916
1129
4297
4939
6809
1109
4629
6219
5183
4188
5213
2513
5217
710
2791
8211
9937
8061
8289
8095
791
4002
8242
8474
3133
6246
7539
5873
1953
593
8625
1388
229
193
6368
4185
7771
1104
5033
9486
4528
4482
7717
1700
6845
6538
3117
8601
9629
2283
6217
8326
6347
7843
1424
3271
9464
2348
1660
3510
8697
7923
2229
3200
