9338
2971
7054
9181
2454
4897
2241
7189
4131
4101
9967
5630
1508
3015
2054
1531
4152
3589
299
3362
3561
639
5205
8249
8737
5551
6389
7491
6056
365
3514
476
9193
6233
6286
2785
593
5131
3270
449
1330
1099
4769
1426
300
3736
8615
7463
5128
6917
6412
4145
2520
874
8520
1057
8790
309
4409
8628
9444
8383
5923
5641
598
5305
2428
4875
9362
817
1019
1182
7658
3707
2767
7389
2956
5594
7436
2287
2793
1093
7824
3610
1652
9158
5374
8535
9342
2253
6436
2026
440
9098
5738
4743
3044
4213
373
888
6164
273
5410
1936
4558
949
3841
314
9716
2767
1229
714
8931
4557
3183
834
2998
2263
2887
6225
5915
5808
2796
6817
5296
5384
9211
5452
7654
3596
6209
5690
8820
8819
8465
5281
8187
9526
7070
1864
725
9108
7008
6221
4609
6863
6684
7418
6352
7365
9845
4287
324
465
5159
1504
4872
2288
2536
1613
6479
4471
3471
4709
4577
1431
7426
7168
6706
4830
