2079
7194
1565
4472
2397
524
2482
2340
191
1513
7387
4683
1908
2590
3261
6474
1746
3052
3539
6640
9066
699
9040
9831
6900
6537
8269
578
7934
6477
1778
5438
9866
3603
6304
1287
3609
7934
1325
8093
3668
1948
707
2181
4067
9820
7945
3427
3585
9877
7763
7952
6633
8711
472
1400
5430
5436
1659
3854
5303
8730
6939
6790
887
9776
6104
2901
1769
5932
2521
3628
115
5288
7810
6502
2343
1935
1288
9894
5805
5577
9269
1137
1483
4224
4894
3113
9229
9434
9951
9347
1292
7733
8917
2771
5245
426
3301
5585
2768
9930
8395
8060
9254
9862
6923
9818
1729
6894
1210
9509
4262
8990
2111
1540
1795
9051
3983
2750
