3685
5465
6488
4674
8708
1808
4202
8498
5105
687
4050
7608
9505
760
9611
2546
2419
3654
1520
6637
5031
2582
8762
5285
6948
8282
8969
6341
5304
4366
599
7688
4539
1297
6097
7341
6415
5970
2331
3493
8693
3312
6964
1510
7595
5014
3199
8355
1597
5766
643
9858
5095
7146
6587
8485
5042
6854
3317
6183
2194
7587
2930
3991
1528
6277
6490
8819
4535
8527
5496
1858
8695
6178
5538
9069
7834
4916
316
984
5958
1858
7920
6421
1184
3325
6776
1925
8587
2693
9942
292
8181
3801
8416
6810
3145
3791
1149
4269
9899
7430
560
9818
760
3791
2415
4340
4665
1664
1259
6904
8449
2771
4194
7690
8756
6062
6690
7132
6476
5750
7563
6578
8444
887
2597
5387
3150
4602
5097
1555
3459
9903
9687
9707
9932
2606
4159
5477
8096
4194
5949
2863
7383
1109
4060
2408
4066
7285
