6347
9594
6880
8017
485
3263
2169
1156
2702
1563
3927
9987
227
8746
104
2205
5176
857
3327
9272
2581
3382
8521
195
3665
9902
1841
5831
8389
6990
4437
9295
5818
6357
8272
5568
9718
5833
6428
7904
6605
1621
849
7661
5402
4362
5388
803
8045
1177
2815
4547
7614
2436
4893
4681
2551
3842
3338
8338
9930
8718
4614
6191
5513
9463
9023
8302
3802
9751
6152
8151
3827
541
9849
1915
6288
6205
190
5344
7604
4912
2476
6973
4989
6717
8606
4292
3502
3773
7121
2839
5484
4475
9959
7812
3198
6553
6144
9558
6468
8790
5474
3277
9038
7323
1448
736
9773
2028
5404
7817
7534
3390
1821
7086
7226
3052
610
2722
2034
8320
450
8156
6707
8291
5995
3773
6228
6282
3874
9610
4836
3848
7573
9794
6801
7474
2888
2602
6402
4230
9845
7860
6104
2928
1975
6372
1235
1166
