5185
8639
2046
4566
7402
573
3215
2830
8239
3623
4407
4561
4865
4407
7894
3413
2991
9634
8826
107
1573
1326
6151
6972
6805
5376
5651
9444
7040
8916
6073
1745
560
5632
8835
2090
552
8986
4239
7598
1876
9504
9347
119
1220
4737
6541
2408
3491
8418
2749
6100
6281
707
561
3780
7285
1547
3895
2991
8600
5566
4137
545
3415
2434
7610
1688
1947
6587
5357
6536
1737
3041
4782
1965
3476
369
1343
9587
1195
3590
602
4709
3597
1775
7775
5310
9638
584
9261
9392
2107
6414
7835
3773
9222
642
7274
5857
1418
814
4008
3609
8899
9084
3127
8898
3083
5828
2890
2509
2807
4930
1640
5063
7512
7278
7094
6936
6614
6394
1570
8318
4300
8665
9707
6517
4523
1415
4291
905
9001
5473
7626
4568
2205
279
384
4875
1612
5574
1577
6167
682
8222
8399
9185
6554
288
9924
5573
4588
2889
2282
8210
4542
1497
4593
5025
2228
8343
8298
7369
4531
7183
5925
6056
5201
2814
3991
7788
7901
6625
8021
3227
7192
4486
3982
421
