5024
282
7679
4209
7456
882
6186
2015
9728
4308
8872
7084
5032
7521
1892
7433
5428
8847
9045
6193
6938
7223
7903
2476
9563
260
7526
7881
3451
1413
3974
6041
6827
4161
5899
3153
6959
9264
922
8018
3414
8518
8630
1257
5723
6578
5752
4731
2993
9954
1229
7547
8483
5571
4450
4139
5911
2056
3129
8621
137
3916
1793
7956
5980
9740
7970
4792
5258
5710
5553
4126
6601
7168
4684
6984
9069
8246
438
8086
2052
9706
5886
602
5508
3519
8845
5690
4730
2834
4072
1258
1009
8226
5862
1769
5083
2287
4352
9230
4980
6992
725
560
8222
810
6232
9354
7522
5227
1170
6297
8252
771
2651
3552
5115
6481
9116
9120
7622
6924
712
3178
1721
6053
9879
6942
2881
8555
9278
6765
7460
8068
4458
152
3324
2254
7543
971
9226
2584
2206
8885
5438
1254
3486
3800
5683
9204
