6931
784
4842
2033
981
2425
6106
3355
2044
8277
3877
7101
4563
7702
3955
9758
2337
2057
8089
687
2211
2849
6704
5808
8203
1199
1721
4538
5823
5428
5747
8751
7262
4819
5317
4693
3687
9807
4204
6695
585
5010
5190
1826
8787
5265
3034
6221
9067
912
122
7078
7348
6129
2022
7452
576
5941
2373
124
8217
5157
2287
2097
3141
9685
3324
210
4928
9497
5344
2842
5091
8925
1543
6094
4685
915
8089
7018
2565
7916
3315
9531
4409
410
6781
3655
7495
324
460
7153
5569
4182
277
9984
6748
2933
5627
3521
6918
1697
5948
1762
1198
6834
1694
8807
6997
4000
604
2856
5683
5827
7102
238
4643
3899
9423
377
815
3941
5133
1832
8889
5161
5882
467
1294
6841
3986
3235
3473
449
1933
9003
6362
1872
4598
555
