1393
6997
8130
5234
6782
8634
7542
8320
109
9605
336
6579
7250
7435
7106
4538
8273
1336
6188
5086
1817
2665
4419
7029
8265
3277
6052
7384
1845
5446
2861
5485
8813
1005
1381
1402
105
1157
3246
2490
8315
4318
5308
2716
3497
1635
2128
5342
8341
5111
3654
2760
2292
1445
4337
8961
8285
6557
620
2467
9534
6472
8949
1173
7771
7140
4248
7549
8992
5485
5493
5037
4431
5048
2460
8657
5323
8098
7614
8745
9890
144
5469
7469
1769
2284
2751
4605
7519
9727
6955
8280
991
7503
4717
1103
7620
668
1746
7634
4492
6212
5680
3920
6273
3833
5635
4604
4205
8479
887
370
2788
4948
1793
2110
8165
5880
6131
2412
1262
2191
7225
6890
8313
8487
2177
2528
2591
4784
1272
2606
3568
5143
518
6860
3154
1678
4190
6571
2719
3953
8808
2622
161
7008
6587
9976
5791
4511
1715
7908
2609
732
9668
7117
8307
2944
3751
1741
3772
3679
8147
5594
4138
5116
9925
3306
979
9322
6954
6862
6239
2712
4184
3258
1292
8984
5154
5509
247
7031
7991
9131
2282
7176
2613
1678
6165
9108
