2913
3993
9533
3485
2190
3795
4018
9120
7565
4801
9454
8152
1686
2445
3777
9339
3761
1526
8979
6770
9972
5485
1768
2878
1483
6144
2796
7458
216
6809
9995
4937
625
2329
2558
9330
5136
5599
792
7930
9063
3517
414
6363
7384
2435
7701
5278
6771
3968
8416
4936
8220
6424
5870
4548
5320
2149
5854
9393
1781
8008
1350
7789
3457
8442
2478
2162
147
458
2083
3453
142
4958
6972
8053
4559
8413
3773
1968
9202
4547
1071
829
4117
8868
5674
6866
8032
8194
8094
9258
3586
3024
5589
5300
8581
4851
745
1206
9127
9517
901
2200
1797
7606
7291
2749
548
4849
113
3416
4078
1693
5652
4236
6935
9666
8423
6759
4753
475
825
7559
4111
7881
1007
8395
4356
6777
228
4397
3825
9719
6997
5051
644
4658
5831
8998
