2446
6200
5717
3681
900
8125
6563
2753
7820
8571
4022
8565
9347
6517
9964
8830
7894
8626
2069
6978
1732
935
6239
9528
6164
2078
9797
4940
6038
6814
5972
8810
9312
2675
9361
1616
3734
1501
2596
5860
2600
5259
9081
9819
4707
1970
8420
4179
2197
6530
159
1837
3407
674
9798
4226
1711
4307
7334
8713
8753
6592
7835
5234
6721
2548
6617
1876
4166
8520
7247
7219
6461
5213
7380
6147
526
3390
8441
1730
1863
4594
385
2922
8471
9294
9170
8908
9301
924
9702
8004
5743
1728
5023
4745
6997
1518
4074
2860
4008
9060
2874
7153
7498
1325
3215
4852
9265
8449
5066
3502
9673
6662
6711
4640
2897
2058
9749
763
7285
7792
8646
8436
3586
7263
565
6487
4011
2119
8685
8452
725
1025
3570
4253
9384
6803
1472
6442
8186
2504
6396
9298
5924
2529
9108
3394
1169
9284
108
8195
5938
3911
9084
5487
6878
5841
4323
4871
2485
3046
6692
7525
5285
5181
221
2511
8140
8685
9013
6040
2368
3363
5658
8747
2027
4601
6731
496
9086
9719
1765
1508
3902
223
3739
9713
3119
1415
1213
2425
9728
8197
8617
876
5484
1569
2180
3616
5190
9349
1867
2597
8021
6051
9414
8624
1586
6661
9692
4053
7698
9194
1286
2447
9697
2570
8531
9304
4811
1564
2618
9739
918
4174
8257
9857
188
5600
9256
8090
9549
519
7059
9071
2444
8336
9821
1586
