6829
5883
2259
5547
5465
5713
5741
2894
5238
620
2267
5404
6225
6059
5530
6041
5334
1107
6142
8861
4970
8216
6658
7228
8007
9199
1030
7753
2613
4611
9144
9475
8727
2858
7477
8907
6978
2311
3436
3770
3953
8116
1130
1739
750
3723
5871
2038
9842
225
8931
900
1871
780
7351
2849
4285
1401
3484
4375
9013
8068
129
268
627
6003
6617
1157
7472
490
3499
3496
695
7659
5428
6064
7612
9487
2621
2830
4094
2277
5433
9939
8555
8250
5725
5801
9569
3166
2083
7928
2035
5275
9666
5801
4686
1854
8026
1832
7678
2321
1535
5258
9494
9992
6438
6953
1927
4214
7604
8954
3406
8950
430
2298
2474
1430
6693
2334
9752
5813
4521
6300
4735
1633
2974
5906
5379
8832
8087
1029
9501
9344
3150
4006
8883
1014
3025
7420
6269
2406
508
4551
6430
447
8492
4332
6900
2187
2534
5788
8088
466
4801
1085
2101
2360
4224
9460
2058
8281
9445
430
1179
6316
3209
7814
5945
769
