4044
2022
4968
9712
3298
2193
2992
9339
9088
9993
4527
5557
9272
9344
9298
3581
5947
4039
8389
7391
9544
4050
6356
7542
645
7877
8282
2480
4259
7728
9204
8140
121
3520
9486
2998
7843
7812
1159
7023
2853
2382
3176
6416
1753
1554
5317
5903
1181
8508
2848
8503
4954
9882
8773
6153
934
8643
8243
2517
217
3470
6698
8382
5428
8629
2482
4679
2388
8048
8631
6200
1591
8048
9530
3669
8180
3909
3267
5165
737
3346
3660
4975
9449
8068
5761
5284
1531
6385
7213
6829
1708
511
4419
3655
4634
8648
3753
1240
1136
2457
8892
1142
5252
8158
8601
1047
1948
4000
6722
6006
9558
3135
1846
8083
3622
6490
4900
2279
1586
5534
1331
8179
445
4182
1711
208
3422
6722
