9486
6686
4981
3795
6468
7806
6859
3087
2396
797
2093
2082
140
4893
104
1967
725
9038
8258
9671
7765
3043
4345
3241
4397
1415
4894
8043
3206
2957
671
5524
2567
4698
6070
9298
9881
1757
9604
2281
7629
3909
1505
8478
5843
5767
2564
574
8942
1100
892
1257
792
184
1054
9107
4114
1323
3873
1281
3651
4577
9384
6192
2435
7080
8962
8628
7104
7399
4991
4785
3796
5846
8299
4495
4686
5676
3097
4395
9484
6230
6619
7500
5015
507
3455
6203
4156
9782
6731
661
9378
8498
2197
3462
5965
9047
8793
1344
2093
5336
7364
3563
9904
6873
9990
9270
7467
6471
3959
8427
3395
9060
2219
8629
6580
9018
6768
3901
6078
5978
8876
2765
7244
9532
5325
4736
5139
3750
7714
505
4505
7414
3630
3934
6059
5169
7629
5962
5488
8045
2634
3210
3055
9576
1654
4655
9470
4535
9615
4297
3981
9800
3371
9326
6954
5446
9191
2222
8211
3397
8530
3730
9677
8734
9402
4331
1984
601
