9447
6268
7884
8795
4554
4159
5193
7563
4327
7523
7327
420
932
2819
9284
2980
1319
6446
8206
5568
8139
3310
7994
4676
3382
6664
3703
2334
7993
2255
1999
9366
4619
2536
166
6909
8694
9265
2613
8604
2270
9500
1456
343
8228
5752
6700
1013
5644
9473
4556
4892
8526
7495
4905
2583
2327
1832
3763
5999
3107
1111
5741
246
4529
8859
5192
1148
1750
5856
3371
9928
6642
8029
9713
4038
1066
5677
6520
9320
7406
6679
8988
5901
2379
7662
1412
6966
2820
3371
3798
1820
8515
9214
906
2425
3329
7128
3997
9350
8709
2621
927
6512
3862
4520
3321
8764
4155
9544
8047
7022
5240
6512
6578
9508
4746
5508
9325
2490
