2717
6278
5163
6913
3720
7587
3898
3748
2961
6426
4380
3854
9173
4795
7254
9664
3437
9893
8266
8965
114
8688
7371
8437
9406
5678
5091
1742
9423
9703
5575
4756
1266
7775
8390
5748
2426
4709
8586
6761
7471
9581
6072
2369
6741
207
284
4934
1321
1566
8068
2598
6742
441
6828
6647
9910
2735
6698
7703
812
3702
6756
8875
1127
7661
8019
9994
9568
6392
5248
8385
7858
7399
3787
8889
4906
5595
8871
8699
6369
956
1302
3034
5723
4858
358
7544
5111
2289
3634
6298
1940
5784
481
1497
7503
923
1221
9130
7742
4779
5172
4340
5938
9180
1135
6338
4147
8792
5260
5762
4312
3709
8650
6264
9676
4872
3766
710
5554
7204
890
7815
6941
2931
7056
8979
180
7714
3556
6712
9686
2911
5992
7209
7985
371
1656
3229
4300
2620
3362
1143
2124
6441
6608
2978
2714
5497
468
3611
4139
9147
6803
8997
2486
9006
7572
9511
