7304
4246
6866
2981
7929
5639
6014
2101
7151
9348
138
2815
8727
6804
8366
6281
8388
7816
2416
400
1018
1786
8416
8216
6265
9841
1176
3544
2634
8193
5939
721
1081
1290
4405
5347
4098
8983
9921
687
4536
1445
3850
8924
5477
4664
6192
6983
9646
3060
3830
8065
5772
8150
790
2547
9421
423
5327
8801
5367
7870
7930
321
1302
4994
6239
8699
5708
4147
3085
4791
3311
4789
1847
2336
7223
4927
5082
9554
8619
1125
3366
8095
5600
9833
9611
734
6176
3676
8921
7508
9799
6981
9203
2760
965
1910
7628
7558
7744
492
5636
5575
3293
4539
566
3299
8313
4393
4618
5680
1077
9147
4041
2441
5280
6630
9457
297
4131
600
1470
6045
6949
1255
669
103
5164
8413
