272
2494
4926
9971
7182
9527
8174
8199
2230
8726
8308
5193
4688
9724
5134
4698
3949
725
7312
988
5479
9640
4540
8866
3325
9308
4161
7699
7459
7224
3720
4117
7641
2392
3580
7388
6394
1886
3902
9317
1699
4441
7719
3778
9515
8709
9893
7654
5159
2821
1333
1798
2621
8562
786
553
5287
1983
3966
2479
4087
6699
2332
1054
9444
8184
6300
5894
2841
4261
3655
6172
8145
2455
5173
1973
7377
7325
5912
249
5705
8975
5897
5639
8293
5039
4242
4136
3961
4757
8210
3473
4164
5311
8631
3592
6338
3200
1643
3247
2117
6861
257
5163
8588
1796
1933
9462
1511
2034
7805
5679
1790
2720
1389
7975
9136
7340
9770
2199
