3758
5875
5458
6563
8370
2171
7391
9309
7169
3936
6197
5085
9356
8237
1631
5685
8415
4826
7785
3026
3774
2595
7715
1659
1513
8998
2915
8987
9454
2974
7594
8329
6612
2284
6795
8624
5970
9248
3771
1614
7117
7324
8607
9963
2870
9912
7101
671
3518
1383
5719
6242
4750
6703
1196
2093
3810
3883
2450
3376
659
9870
1600
4800
8780
4982
6978
313
6489
7502
289
822
4513
3820
5261
9639
3359
1398
3376
1053
6795
8003
7991
9552
9917
7173
5516
4353
915
5609
5399
1996
7423
1679
2656
9156
6964
1971
3179
4476
5311
8010
9353
1040
4156
898
4258
1255
2363
4719
6065
3910
3908
8248
9352
6769
5274
4357
2388
3058
883
7637
6318
9416
3042
3772
8004
1217
6999
8622
