560
8694
6596
4342
5443
9790
4753
6208
9404
2083
9445
7791
4173
5757
4219
7090
9022
3835
1980
5511
7823
5040
7166
4266
6949
6429
4754
7765
2057
1405
9325
1995
6351
3465
9761
9128
6281
5917
5480
1619
4576
2441
553
1420
7028
1644
6755
1332
5533
5372
7391
4930
3619
4907
7805
520
2370
2023
791
5908
1681
4744
3342
4354
5888
686
1310
258
8563
590
9149
5385
5650
347
5653
5556
953
9292
1963
8707
5557
942
8467
8639
582
2635
919
2614
244
1066
8281
5851
3569
1919
7963
8164
3131
4765
4939
8384
6620
3749
4321
566
4549
3436
1429
3972
9425
6053
2095
4677
541
9444
6067
7728
2406
2230
394
3329
4801
5468
987
5219
2071
6183
1816
6773
2487
1164
