877
7353
9131
8741
4564
6153
7640
1086
5295
1988
6629
1140
5408
3228
8208
3269
4983
4318
5436
2697
1386
1193
2187
3495
7761
354
2563
5521
1705
1664
7220
9253
4025
6528
4003
6316
5292
5342
8948
9778
8505
5308
2827
1812
7793
139
5042
6412
2675
6071
2651
8260
1540
9270
3645
9717
4770
5484
3767
5254
5472
1219
832
4494
5760
5619
195
4334
9697
8004
5916
6208
9290
6703
9229
5210
3619
7218
3014
5795
3759
8347
5022
5143
284
6313
4143
6508
8980
2865
