8003
7634
104
2826
1169
4486
5699
406
740
4069
7486
1519
9446
3044
6129
2765
261
2842
7173
7032
2638
1630
6942
8286
1554
5714
8778
2073
6828
1764
6117
1131
4045
2258
2848
5928
9711
9947
3571
8166
1325
2342
9370
7445
3976
8008
1528
1904
3586
5799
5158
7702
7015
3846
667
1503
8530
187
427
3663
2854
7765
4062
5781
2930
2483
5815
6062
9307
3386
6821
4388
6857
2828
7248
6656
2469
7945
6481
9726
3501
4286
6253
9065
9474
8267
7808
644
5996
4757
7698
6666
7642
3438
6262
8321
8030
8463
3396
7649
177
8044
3081
5584
959
2364
8501
9052
2827
499
4722
4393
2589
5365
9808
6866
9996
6409
2271
5629
7719
2199
1384
9679
807
2794
3729
7981
727
7345
1925
7992
791
9435
7791
5578
2537
5092
3836
8865
2047
977
7143
6561
427
3498
3411
7246
2684
2287
6632
1401
1791
6989
1591
7568
2300
4931
7746
1060
