6707
398
3329
4428
6479
8304
3729
9591
4554
8504
5622
2952
8437
9438
6628
1293
1885
6400
3337
9916
4917
1818
1507
7962
6698
5514
1161
7464
2117
4809
8122
2541
5015
2043
9681
4360
3643
8505
7163
5116
2767
8218
5404
6903
7927
2252
2506
2216
3474
2410
4013
9970
4639
7704
7862
415
5933
9930
6152
243
757
7982
659
2768
8900
3403
6682
6611
583
8757
5253
8617
150
6382
5967
8834
5011
7974
9753
9511
9448
1028
2443
3558
2028
2400
6442
119
1781
4730
2220
3644
425
6364
3330
7802
6007
3619
1118
8539
2316
2104
9242
8087
6659
9973
9512
9941
8748
8174
9941
8024
1912
8968
6256
8763
620
8056
8132
7436
7088
1577
295
9228
910
5602
5777
2289
3340
305
3841
6030
6658
891
5473
7570
7467
8880
8505
4044
3302
3404
2459
8239
9221
4846
5862
7664
9075
1614
9101
4364
7904
9605
8019
5878
7456
8957
7145
9402
7831
738
8456
7942
7441
4787
1681
8307
5651
2757
7730
9055
1617
4965
4980
8596
4916
8671
5258
9264
8212
8744
3557
9351
8580
8048
4840
1027
8650
5305
6184
1508
7080
4840
7991
5236
2128
3449
7043
3782
8500
669
7309
7876
516
1744
6829
8525
9908
5028
