7237
8345
2114
8454
9120
2849
8765
8171
6392
9863
1483
7272
2144
6646
7649
7257
8210
7883
7108
9427
5187
7996
1893
1795
2187
2815
9080
2871
5846
9695
962
9071
3109
5486
8782
1659
9682
8227
1393
3877
2782
7545
4080
2786
7350
8766
9841
7427
8204
2547
3935
5522
2885
7071
5396
521
2245
757
9468
510
7148
9486
9205
5943
5787
377
4877
6484
5573
4907
1407
3431
7975
4120
2947
355
5669
8233
9141
9102
2124
3632
9220
6450
2313
7887
1464
188
5619
1135
3547
9298
3422
8793
9332
9051
196
4836
9343
3558
2118
6212
3119
3396
1269
6288
4210
6310
1848
6769
