7410
1749
4325
659
3266
6960
952
6406
4566
5659
1264
3386
4922
8691
8590
7462
7669
7704
9657
8854
1933
5130
2385
9138
7494
6697
3753
3666
8958
5477
3664
3571
4549
1924
3860
539
4847
3993
9046
1471
5939
8077
2709
4835
8806
4524
9639
7396
6412
4930
5493
9262
4827
7099
955
1359
6225
8975
3352
4441
3173
5050
3944
4852
972
6552
4369
8465
1346
5386
8441
1357
6787
8579
1136
7971
9853
7876
1181
1974
9691
3240
9693
5741
2158
5482
165
9384
4766
913
8823
5489
5604
1724
5875
5353
5764
9942
8664
1118
678
3955
2463
4403
2847
6872
7874
4512
4434
152
4796
8128
2148
4355
8144
9809
6248
8269
448
9344
9615
861
6580
9315
3581
6527
5968
2470
9791
994
