1680
1209
2307
6956
4603
1541
1474
2812
2639
3148
5097
624
5608
2892
3191
585
3810
3209
9121
9191
6612
6106
5990
3778
9226
7805
2177
440
171
5792
1121
4330
8370
504
5507
6232
8457
2585
3320
8869
9525
5809
5844
4771
9585
4574
8749
3988
9839
5591
528
4408
6197
129
870
6587
6847
9918
7121
3042
5162
831
2522
6102
1965
7034
5208
9104
8829
2876
7365
7279
2021
2944
1693
5904
1934
4285
3332
1859
4621
1437
572
5627
6874
1861
7350
8073
1297
3379
5033
2218
485
4099
993
4862
2946
5977
3251
5249
4111
4480
6907
9657
1284
661
7049
5769
3324
6009
6607
9085
3953
3634
5530
9719
5536
7623
3087
1215
7996
490
5679
574
7977
302
3306
5627
4706
3690
4099
1150
7081
8469
1634
226
337
3089
6865
8157
