4772
8754
3561
6738
230
6915
4029
9303
6681
1816
4603
2967
956
4318
2148
8340
5337
2568
6874
870
1000
1999
9870
6135
2335
5137
293
3482
994
310
1079
8301
8365
8659
4396
5273
7363
2809
1045
492
7270
4162
4377
5603
676
3321
4650
1055
5408
4937
2596
9653
3028
1675
1653
7733
3964
3220
3425
4449
362
2443
9903
2699
5319
1884
3388
8391
1997
7376
6447
805
8257
5006
1156
425
3417
9867
4986
1475
7063
1025
3862
7036
3678
8093
333
7861
7041
5443
112
4826
2375
1069
5704
5576
5630
8172
1261
1283
1769
1271
1336
9162
8456
2002
8226
535
4729
742
3328
2538
6590
7009
765
4754
5100
6812
8307
3397
8036
4581
673
1449
4632
7569
2843
3151
3582
6524
3030
5384
2421
8192
5114
3428
9618
1794
1322
4033
5548
2011
8828
804
5055
5032
7510
3769
6302
6253
2963
6804
5158
4192
1047
2235
170
7563
2734
544
8721
3007
2355
983
2311
8520
5232
241
1650
8183
6195
869
4865
5984
4817
558
6410
7598
9641
5099
2873
5664
2232
6692
9490
5979
7243
5457
1783
5467
2242
5092
1729
6541
8499
8745
2083
6992
9546
5102
