6425
8724
4948
3452
7878
7874
6104
1736
7100
4860
456
2372
2688
9134
3349
6494
933
6393
570
5447
2835
3733
930
749
2635
9205
2264
8496
6244
3992
7588
2611
9732
9565
857
9538
2415
8079
9878
3221
1843
1202
8940
4488
1222
6600
8818
920
930
4884
2058
1472
1996
2396
8300
3759
281
4888
7556
3476
7012
9447
6149
557
7222
6543
3231
3241
7137
523
7685
5948
924
2216
619
3694
969
7049
5907
8827
6667
9496
4569
5698
2339
1588
344
9131
7064
9621
3329
9363
7711
5070
9272
6131
1557
807
6912
4833
7520
6720
5663
3233
1824
9769
1899
1310
9539
7332
9406
2666
7062
298
8402
2715
627
4875
7816
8683
