2385
8816
1849
8225
5674
4165
3204
5929
6389
5641
6850
9134
3049
1610
9146
6815
7274
2376
371
4330
7676
2612
7156
8441
120
9756
7948
8754
384
5740
7495
8968
2371
3261
1999
441
5840
9085
7193
3905
7043
8915
3789
8012
6223
974
6893
6071
4659
6936
4789
4026
5009
2095
9035
8200
4481
2039
2294
6893
9569
803
2163
1791
3454
6014
7791
4741
6715
6882
3866
6253
9165
1910
2909
3140
9710
2922
6831
5037
5598
3820
6372
1199
1460
3799
521
9487
8311
5815
8089
5849
3183
8219
8895
2068
7624
2992
9313
1466
