8517
403
293
7254
6291
6125
8951
470
8109
3773
4885
3178
7970
6926
1928
290
9283
1424
4943
6303
5545
9426
905
7996
2776
8241
9412
8688
8731
2641
6633
2149
2708
2324
820
5121
5370
9859
3051
583
7128
928
7160
5262
7767
2763
5158
9050
7674
2691
8493
6014
8502
2017
6813
1118
6739
5634
2782
5444
9947
8157
8839
4659
1312
1101
363
1495
1971
4098
1589
5828
1134
4446
4850
1275
8983
4721
6116
6759
9644
3974
2974
8002
6694
8490
2710
5366
3725
1270
5924
9154
785
5458
4447
8389
9122
8420
5694
1234
6406
7535
1348
6939
2033
1833
1248
1237
8062
6971
4273
9467
719
7939
2812
2383
7481
1403
8993
487
6278
6924
283
7570
5537
9243
6341
6144
7604
7046
