5663
940
3539
4087
8945
3287
100
4089
3680
6164
804
5293
877
2844
8710
4347
4182
492
3077
1346
9218
3522
8839
9308
6231
6953
2791
8487
4427
4916
7759
1711
9979
9566
8180
2822
4636
1645
2329
879
9300
7195
2093
8679
1645
9115
205
8315
6970
5028
1451
8672
4283
1475
8607
7767
8970
6898
3744
5592
421
486
952
4606
9434
2214
7667
168
9978
4753
6707
1219
4300
5116
4691
9115
455
9877
8005
2661
8627
4134
8801
7149
1010
6935
4446
9427
6286
2744
2859
1869
4900
8923
9934
6077
314
6668
7758
2363
1171
7526
3665
7391
4749
4290
3298
2771
3564
8291
2433
6518
4080
3970
1153
6130
9909
706
9966
7559
6883
1570
9256
4331
529
3414
4974
1817
8736
1500
7147
7811
6505
963
5548
2607
1855
7426
8933
6298
4637
4261
3158
8687
2819
8517
4037
6849
348
8417
7342
1288
6967
7478
9792
8198
5468
1147
398
959
4566
6142
6727
7924
1273
2711
6189
1829
4851
2739
1033
739
7350
4111
8170
2988
1450
9404
987
3232
9675
9672
5615
8837
7189
1911
1020
1977
1634
8576
