471
607
5681
8087
6360
247
3558
9319
9789
8347
9858
2795
9267
9599
7258
3299
5160
1175
9324
8624
239
7855
973
4085
808
8269
6141
220
9831
8280
7461
1525
308
3051
8958
4145
1256
7521
7153
9192
340
4163
4862
5743
9785
6334
6371
8315
9779
6648
4343
828
7852
7375
483
7160
8898
583
3552
2110
2670
6727
9013
3353
8301
6592
2358
4614
8916
3619
9270
4488
1438
7605
8661
4476
1303
2513
9925
2973
3436
5425
5223
2535
2469
3145
7267
4427
616
3722
3082
3281
3080
1002
5579
720
2035
4089
181
7925
692
640
3058
9794
6359
6915
8084
3569
2735
5497
5556
2815
9752
6634
1504
3253
7723
1368
3191
1073
118
3027
4724
374
3515
4634
1546
3108
6822
4734
1145
6585
2323
4573
9362
5026
7272
8761
5313
3680
