8159
6170
7724
2081
2999
5536
3228
4274
5800
3596
4055
5323
2801
2884
7928
4004
1187
4736
4365
9805
5527
2566
2018
9616
6739
4924
3798
9887
1056
9853
8604
808
2884
9318
437
9907
7626
2210
5705
7544
8505
8652
1413
4446
4071
8781
5914
8536
6683
350
6469
1923
3269
4098
541
8682
1312
4459
4485
1993
5791
6692
3080
4218
2359
392
5279
2527
7204
4277
9401
7469
7593
2718
1367
2047
6656
2912
3928
3892
4394
7659
8820
4605
2158
2563
4793
4682
7088
2240
8969
4097
9617
4339
6519
5576
1153
6866
537
3841
8693
8074
8853
456
8580
4162
4977
4383
9901
5659
3557
3741
1729
8294
4002
1743
9279
122
7678
3048
9507
1210
5389
1343
7521
9813
9355
5282
9273
5266
