3526
1338
8573
9487
2023
7589
3400
1200
1897
2015
6439
675
8432
7572
1284
5812
5835
9490
9583
8984
3942
4942
2058
6619
8333
6266
6964
8986
7788
7767
8446
7363
4319
7551
4444
1814
996
3014
1914
4494
2986
6245
2984
5029
517
4636
7154
9000
6912
549
944
9627
4059
9776
7530
2640
439
1712
2869
9055
4256
9699
7022
233
1301
9191
3964
6247
7871
3317
7438
7272
7429
4855
1036
4717
9861
7635
2232
9512
4908
224
3768
3297
9378
8224
4754
3656
8675
6481
3598
4039
8343
5579
9953
2737
1933
7661
4992
6738
3247
4983
8442
3762
5812
7779
538
7035
5596
2570
183
330
5209
1039
7578
754
1418
9046
3964
5258
7964
1041
373
9735
2321
5415
6546
4307
9937
9347
969
9246
9773
506
7835
4316
2741
6283
1551
9582
1045
2350
5089
2425
3426
4915
8319
5957
8136
8891
