5326
8003
5109
5925
6925
692
8684
8749
8355
5225
3427
9750
4812
8329
3616
6196
8985
9814
6465
8973
1481
2241
2344
3832
8389
7547
9580
7434
4402
1238
8544
4503
3443
1600
1427
1671
8504
6239
7295
4401
562
635
1478
7862
7468
498
7757
2949
2821
4412
7574
247
3846
6897
4077
4500
9527
6131
5850
9294
3590
9467
1799
548
5829
7132
7910
3003
4064
1672
1760
1583
1258
6807
9852
4185
4331
4555
4800
3075
4339
8990
159
7183
9607
5912
5641
884
1631
2834
8344
424
5253
5715
7046
5782
9694
9698
3050
8518
5539
1544
453
9430
2343
8516
8748
6729
7582
356
6806
2998
7200
8354
2060
7176
1122
8358
5743
4622
4594
4643
8284
9344
6784
5395
3776
5871
6654
7232
3603
8645
6630
9838
5519
3444
4273
119
8886
1086
2424
9215
4409
5344
2474
4888
7802
6524
4730
2387
