3966
9953
5150
4206
8499
3762
8274
6700
4532
6650
6075
1036
6623
5635
2144
3858
8861
7652
2796
9846
9900
531
9008
8839
1354
1882
3211
2714
3949
8349
1012
6934
6138
5016
7453
9492
6407
2146
2096
8899
7186
3425
9238
6561
9533
1366
891
655
8204
8467
2359
5947
7837
6908
7154
7119
6312
6963
7271
1104
4387
923
1580
7496
1913
9093
7240
9588
9257
7059
1854
8382
8211
2622
1379
9398
645
2035
3574
8786
1668
6162
5804
630
7226
9689
6532
4666
4078
8662
4821
2692
9061
8141
8532
626
9123
2100
4311
1432
356
699
5574
9330
3381
3613
7689
6384
852
5810
3603
4953
216
7322
4994
3694
3923
5581
4575
6377
7345
8848
9255
958
6610
367
6475
3364
1536
8851
6425
3183
3862
742
6171
9669
2210
8855
8071
6098
6565
1226
447
6927
6308
2648
9317
3441
9694
9257
