3933
2502
4574
538
2693
8617
7667
9564
6636
6729
6856
995
4632
7087
5745
8918
1762
4395
4684
3781
9620
3855
6206
9063
8136
8813
2168
7306
6443
984
8416
4076
5797
5266
9382
977
4293
2567
2643
8511
9364
1973
9372
4532
3127
3563
1405
8685
9101
8671
4661
4735
3220
8140
1836
8717
7938
5835
8492
3461
9145
746
1411
4462
6317
4105
4274
1963
3665
2284
6925
7762
4724
5330
635
5703
352
6202
6634
7740
1978
2392
5690
8788
5490
8422
3049
3767
544
2698
8539
9554
770
7871
558
9236
4570
8990
6118
7923
3371
4558
8544
9906
1982
1524
2996
5013
7384
8313
4050
6666
921
2207
4229
8562
2519
9514
2515
5892
1695
3611
4261
8997
4257
4189
7362
5444
1904
1666
1556
8135
5102
3114
2442
2955
6699
3807
2981
5771
5910
6853
4099
9586
6561
7243
1734
5347
4070
1439
998
7295
9959
170
9532
8353
9054
2152
4947
3422
7773
6067
2513
1132
4833
8477
297
5170
5540
5028
