7223
4186
971
4905
2294
8483
3308
275
6776
6397
600
7396
3732
4378
5140
8111
7788
2549
4664
1164
5443
8339
2498
5637
9468
8275
3765
4893
247
3697
3981
1414
1542
8175
8863
5528
8643
3677
396
5182
8145
1711
9843
7956
3150
7858
6161
7230
2714
4143
6536
8525
3373
6166
972
1759
5114
3651
8314
7259
1070
6113
1443
5824
9776
1685
5613
3619
3875
3859
3071
6651
3200
3464
3669
6252
4552
8559
3649
2177
9745
9360
8273
9253
3710
3774
5940
1682
6779
4380
8721
8616
3918
4785
6574
8548
4889
9806
7658
8515
6960
5100
2471
5358
5818
6735
7778
6059
177
1508
5758
9859
9979
667
3568
7684
7896
990
9859
3548
