2225
2197
6491
2471
7989
5220
1411
8012
2932
7990
579
8799
5770
8380
1113
1667
7767
474
1860
6688
1503
9213
6910
3420
8562
1450
3037
8972
1005
6400
1889
2899
4916
3719
1523
5384
1512
5729
7399
8233
2748
2918
3422
2446
5236
1303
5815
936
3357
6210
1712
4062
8332
8174
4196
5677
9025
5172
4633
2426
7371
5671
6385
5896
6904
3687
4913
6811
1767
6488
8061
8216
7619
2507
3599
9680
3102
5621
6602
702
9557
419
4345
741
5933
4374
2985
1813
7508
6420
4388
1454
7778
8118
6779
7319
9929
6254
8921
2516
8145
7695
9830
4490
3558
2672
8154
9985
1180
7491
