2610
4965
5422
7862
9553
9391
7675
3895
7100
4502
9529
2249
8015
8118
9739
9916
2611
5817
8145
5228
4951
131
6697
8995
2335
2508
3849
9334
2646
8617
3499
8526
4325
5982
2477
6038
9030
9980
9863
4506
1770
5373
6220
2953
7174
9433
1847
2640
1477
4969
9281
176
8065
3132
6781
5633
8905
1403
3234
7371
5039
6634
6731
4135
1244
8988
4287
6340
6940
6393
816
4362
4331
3538
6678
2119
1971
6501
2708
3284
4826
3343
1129
4036
2528
9975
1909
5789
7339
9623
7439
7134
4792
5396
315
7899
2156
1746
4837
8664
9262
1140
4708
4795
8865
1190
4451
6350
1782
3110
6568
4427
2812
2736
7966
1217
7408
9994
4111
2018
5597
548
3501
672
4954
5056
7290
3924
3677
7414
4557
8036
9408
5097
4972
3074
906
5490
289
6710
2605
198
6426
8731
8582
2933
8150
6806
1171
4472
