9393
8275
8135
521
4762
7022
3044
2225
5308
6001
6592
6147
3040
3396
2013
8373
1106
2472
7631
5754
8042
9092
8795
4890
8090
1939
1369
8833
4222
2908
8363
5734
5637
2285
8060
965
9936
5139
6779
6656
4105
5591
1816
4615
2551
9843
7872
5686
3095
4805
1571
2471
617
2183
429
5503
6818
9474
6304
5499
7184
4572
1439
5074
9928
258
6933
8744
4879
6718
8630
2675
1271
7421
8354
368
995
1823
8925
2172
488
4124
6138
2045
9380
7995
7506
9400
1058
4683
5791
7105
9717
204
5086
2654
7074
1823
2851
8255
2829
6241
2524
7092
7633
1270
7304
2934
8717
2027
6605
884
594
4246
112
3946
2310
4125
6303
3563
1628
3218
4119
1218
1013
8415
2706
1172
4981
656
198
6225
5079
188
8045
9086
827
5013
6885
4365
5693
7693
7996
7749
7940
7140
5519
2725
5413
8899
3123
9748
2415
7347
2149
565
1828
3365
7457
7386
4651
2703
7278
234
3203
1102
4138
2721
9160
2590
