9923
426
5961
959
406
5000
2507
2844
7561
1814
7124
4085
3960
6113
4778
3386
8858
7386
1301
4221
3327
3555
7963
4216
973
5151
6162
3707
2436
4501
4387
570
1886
6904
4990
9346
5041
9234
1014
4801
7864
5554
9037
265
3410
3885
5541
3897
8485
5822
9891
4704
7559
4165
1198
3871
1474
1469
7931
8533
3023
9028
3535
2734
8248
303
4335
9326
6666
6961
9600
2796
8645
9470
7282
4416
7066
8030
7466
201
114
812
3424
9707
1652
5690
280
6521
7311
7653
9174
7809
1890
1884
2719
5415
8240
5691
1878
7462
981
5779
8853
6481
926
8713
5418
1800
5423
398
7489
9972
9396
4872
5772
3084
693
5410
4678
1833
1736
3815
4274
5909
7524
2663
2533
903
2803
961
2254
6839
7768
8244
2492
7168
1028
5388
9237
173
1868
5443
8823
5764
784
6745
5444
3572
5302
3154
5419
8071
5225
8435
3847
2020
6086
3366
7828
9434
