6508
5028
330
1293
1120
9206
6831
5512
2886
6156
2710
9354
8308
3709
3618
9368
5620
2375
5378
2527
2000
2019
4429
7958
8470
815
9527
4678
6984
1199
7048
3304
521
9091
227
9063
6400
8332
7654
2588
6186
2894
6127
9801
1916
8869
9559
5879
5868
4871
7617
3177
6217
8890
1986
4188
3397
3438
8834
2941
6410
8290
1108
3577
7681
7550
2467
6802
2759
1961
9718
1275
7150
2063
1961
2474
8365
6413
9166
2783
6805
9729
3562
3023
8601
108
9746
1432
6289
4936
7816
8867
9532
5938
6945
2452
3665
8297
9551
2333
8348
2919
5725
1291
6241
1259
152
5220
4025
3951
8457
7807
5286
3548
866
761
2683
7910
2250
1886
5303
8729
3908
8195
5380
6900
4969
7203
3022
4326
6359
3261
4436
959
6783
1073
1262
5629
802
7898
