556
3697
3701
4911
6074
2462
6157
4656
399
6462
7069
6179
9030
502
931
7003
9134
9254
4925
4617
4610
1820
7436
9357
992
8134
8547
6912
8723
1836
9481
1010
9657
8200
1459
6552
551
6911
882
1262
3984
4474
8630
3073
3604
7747
4005
6714
511
6934
831
1558
7124
1626
5526
8849
696
1798
6753
5435
7949
7322
9459
9230
7678
5633
351
171
5735
3904
201
9827
8941
7408
1404
4859
390
319
9840
9942
7883
5959
6824
4162
9358
4402
1347
4754
6218
8313
7779
442
2917
8517
6429
8334
8940
7999
7924
4184
7985
2781
8169
7881
7895
1565
8647
279
6382
3182
3836
2274
724
122
1277
3620
429
6610
6161
4447
9746
4727
6679
9059
6622
4782
3306
210
7326
2219
8214
3816
2176
3062
9472
4727
1729
831
8959
294
8135
2290
7324
7871
319
9096
2662
8359
6418
4064
487
5997
2476
7773
1239
9699
5287
6961
1558
9860
2863
3632
9842
8530
5358
7355
6330
7798
4685
6990
2356
9586
4424
1323
6386
6825
4577
2672
3198
2022
598
5155
4274
1111
5492
3715
177
9269
5469
7386
8683
187
8489
9023
8581
947
6936
1036
6243
4700
2570
8686
3708
8121
8918
268
1295
3544
4449
1532
8988
3603
1829
2577
2128
3645
8663
2777
7586
2453
3152
3584
7313
786
3780
6437
2698
6134
1999
7229
