1389
1015
1645
6180
3958
6526
9180
3671
1771
5449
2100
8555
632
6614
1317
2094
6246
2369
8152
3729
8234
3199
2634
5801
4137
8971
3000
3502
7387
3448
6933
8061
7688
8430
7495
7957
9893
5147
1328
1010
6126
9672
4639
5631
5285
4381
761
9160
984
3522
5164
2623
333
2717
4237
8138
8675
7683
5315
2054
9353
7966
595
9165
7683
4049
399
8124
7622
8077
5925
4688
4002
5100
1479
4063
6551
1495
3847
921
9823
2118
5360
6735
5313
5353
9922
3430
6615
4471
8030
6334
9693
5579
1357
8022
6651
3586
7947
8573
207
2137
6965
3855
1358
5373
6534
6359
6341
7156
887
3898
9908
4176
8171
5289
2410
7588
3093
2480
