2010
1623
2416
383
3308
1604
831
4844
6928
4789
7007
3122
6884
5817
2347
6182
5109
2083
385
3316
2864
1277
3531
1927
3130
649
8132
4831
9538
298
9994
1132
1903
9149
6399
7600
2532
4360
6603
9879
1664
7071
5921
5832
3464
1237
2972
5915
4422
4965
4562
1040
2748
4102
6665
3860
9004
1036
6495
6251
5895
7387
5330
6996
4036
5568
9632
8932
4103
8013
9081
4197
3420
2996
6624
5502
3931
1449
4681
7725
9960
5029
3055
5840
2684
7173
2127
1240
8912
6341
8497
460
2572
4965
2786
6164
1010
425
2963
5261
1074
9887
2841
6059
7018
8523
8904
3500
7392
1099
9027
1647
8027
7024
7394
5901
5729
7748
5589
6817
5341
5847
6163
6183
5109
9685
190
128
6446
2196
2545
242
7050
7122
6414
874
6345
2555
4226
4688
3821
8340
1445
2183
8104
7850
4881
9183
6162
3637
