8256
4079
6905
7390
7075
9518
3775
8912
290
2925
6215
6560
9667
5128
8961
2540
2432
1272
6795
3373
9921
3281
8302
7677
1193
4343
6839
9994
347
6619
7284
5268
5501
7150
8073
133
5207
1296
6696
8237
7462
1579
5955
6401
6180
5838
6913
7432
4584
8277
6749
8280
1230
8194
155
567
652
3788
1800
3444
8013
3874
4749
3170
1228
9737
5344
6985
3979
4844
5885
9285
4337
4559
9076
9864
5694
4586
1081
989
6084
2273
2292
2283
7117
212
4696
8865
8618
6254
3325
2439
4220
710
949
9398
1482
5603
2926
547
8262
5735
5762
7936
3064
4403
4999
8178
1362
3560
4469
4458
707
9086
8737
5315
6710
4078
9398
1672
9307
7197
8452
6231
9833
8156
7992
7180
9011
3421
2434
672
4683
8273
6482
8973
7410
7863
9060
195
4425
3035
8431
6392
7019
9508
3919
877
617
4708
5961
5406
221
9475
8562
9364
254
3286
2032
4874
