988
2379
689
8628
972
8587
7997
4495
7372
2157
3171
9357
6469
1223
8014
5849
5837
8854
4456
6374
8490
115
4079
8237
4153
3191
1991
6802
4563
3962
3252
2784
5349
3447
4778
2874
3074
2288
2957
5329
1025
8365
2361
6863
4969
9920
4172
6363
4774
4864
9551
4502
6195
2075
5418
1727
1574
5639
4042
5487
1110
7241
8271
7731
5100
9112
9744
1436
4313
1502
4182
995
6557
4047
3683
874
9702
5984
5795
6476
2539
3759
4251
5284
5751
6812
8377
5442
8353
267
4152
9256
6662
8762
6094
7626
8219
767
2006
8357
