8896
2670
9998
3499
188
4893
5219
504
2918
3386
5748
3845
954
2566
4835
5640
6892
6268
496
5343
388
3076
6167
398
3664
377
438
7859
3326
2450
5888
4208
6641
9205
4076
3009
258
9478
1948
7743
6761
4295
804
7512
7153
2777
7952
622
8960
5624
1673
8807
2542
9039
7761
1941
3517
404
7795
4450
9435
368
3808
2507
4276
6461
685
3714
6034
4624
5701
2025
4411
1060
4197
636
2769
3395
7085
4004
6377
5331
9041
8808
4753
496
7214
2716
2339
5524
2896
8995
8636
3923
457
1365
7184
3978
1621
7324
1111
399
1487
9682
3598
5375
8682
4410
7652
6128
1284
2208
5385
5682
9901
2361
7025
8338
407
965
8042
2602
168
3681
8209
1122
1765
9775
4263
1766
2451
521
331
6851
1058
2151
1537
3712
549
3904
1951
6381
9281
7067
3077
6115
1296
2785
6721
7459
638
7451
6807
7630
344
3476
7718
8076
3056
7404
8727
715
1421
3117
9514
6177
904
4001
1548
9920
1917
9674
3991
3806
6823
2801
986
2834
1713
8455
837
4678
1730
3147
8560
5633
2365
1434
4416
4618
9425
9142
3833
2467
7596
7192
629
6121
7029
3903
