2680
9071
8867
6227
7030
8233
1293
4236
1515
8837
8414
8734
3829
2107
2388
3007
2413
227
377
5891
9975
7073
5180
482
3853
3894
5930
3340
2295
885
5237
7512
6498
9043
3993
168
4866
904
3143
7193
7981
1125
2543
8680
6296
8338
928
5766
4290
9255
7307
6021
5856
5848
819
1703
2779
3401
5587
8897
1125
9770
5884
7209
3694
7546
8305
7974
118
9215
5502
6767
3480
6085
9300
5184
3467
5732
9178
6793
1812
3760
2602
6987
4996
406
6998
9411
6116
5151
147
5162
9428
5126
840
9944
1978
9760
1461
4355
9397
6472
7826
7748
3875
9941
6587
6062
6137
8801
1828
9552
8755
9052
2159
4851
6137
9263
1182
3698
6028
3055
7103
9509
2345
4089
3336
2139
2696
7076
1433
258
5776
3998
2153
1060
7406
8059
6300
6742
2155
8694
4166
5913
675
6053
688
1633
7024
4946
