6752
4520
3587
5865
9817
5208
6448
7822
7202
1486
6411
2445
9921
4144
2503
9510
1733
471
8688
3466
3838
3473
185
7075
1332
9671
6267
2142
5788
8864
9064
2682
3412
2243
5719
343
5537
2397
2272
4778
6626
1603
1197
9025
4729
6192
2810
8733
7922
7161
5616
4989
4372
5474
6223
8255
148
7413
3003
6008
8242
4906
2819
796
4521
9739
7590
8908
7821
3885
1103
8048
9539
1503
1053
1616
3089
4311
1736
1927
7241
3594
7122
7459
5806
729
3105
6684
8414
3689
6510
3842
8753
3840
5625
7429
468
6295
9459
5848
2769
7412
1037
4983
4073
2905
4832
1148
7801
8452
4310
5658
7860
8984
2997
1790
8065
6336
2441
6761
5380
1419
3927
4828
9477
9737
144
2815
7970
148
8381
9117
9785
433
6114
9154
1330
6900
5673
517
7963
8266
5275
217
2646
4968
4801
1281
5694
4893
6689
9987
365
7437
6377
353
3485
1765
4306
8563
