8528
9558
5779
3706
154
1221
559
1990
3088
1293
4951
3371
7967
7299
5589
8819
5999
2075
9062
4116
8899
146
8654
1195
2812
5185
9686
3162
4332
2221
777
5974
5179
1054
3140
7224
5169
7538
5905
728
5722
6165
8988
3885
3049
9412
7502
1079
5102
8413
8597
972
2207
3012
193
4885
9305
8714
600
3177
1695
3562
5172
3602
372
7146
1065
2979
9832
2383
1012
4086
504
9885
7753
2803
399
4373
581
3425
1166
528
1153
9951
7464
4043
2762
3435
7536
3708
1210
339
7411
2415
6169
7881
7153
5916
8778
1678
5862
3449
8268
3701
6572
1235
1717
509
7828
5239
6825
120
7467
2381
4419
7094
7685
9417
2336
1977
4283
7630
1708
9701
2132
1906
9735
3045
8737
2443
1651
2406
367
8219
9460
6254
2874
5555
1006
1189
5217
5807
2547
9189
4529
999
8223
6135
3265
8301
7962
4762
1874
888
5419
4349
4482
5675
227
717
2543
7884
3600
6231
3873
961
160
4405
7842
6290
5468
3645
1667
8578
8287
6612
6361
6817
2818
7963
6105
4593
1133
9054
1589
5764
2860
3252
5909
8929
