6715
3905
6333
5845
1659
7828
2129
7923
3098
834
1755
7076
9052
5878
8707
852
5706
338
9226
7137
8523
8941
2350
9810
9329
1117
1840
5336
6416
6849
5312
2364
9625
4454
6900
8218
3225
6815
9871
5706
9006
5121
5664
6143
9919
8536
9680
1819
6138
3988
7280
9670
6428
8493
9292
5929
4379
1032
8408
9395
2150
2113
2880
5721
7891
6145
3391
4240
2592
5778
800
9247
9255
8501
2850
1805
2268
3468
3294
8410
8530
5820
4720
5212
318
2846
8383
1196
8905
9250
