2493
7828
4268
6485
7734
9693
5748
5052
7745
6786
2202
1904
6407
3109
7542
5929
1025
3993
2168
5307
8847
797
8613
6034
2012
2164
6165
2641
4053
179
1622
7707
933
4750
5170
9968
5296
9228
3245
4303
2563
1714
3178
5834
120
8128
7954
3205
5855
809
1181
2479
724
4679
9043
7774
9617
6759
575
9553
3452
8631
987
8210
9522
5434
6439
1185
3643
1399
3085
138
5556
562
1608
2191
4706
2601
6505
4516
8826
4716
2452
7107
9851
4389
8540
146
6011
7182
1973
9627
3627
927
9348
9334
2961
4174
734
346
187
7554
3475
3056
7353
6320
8056
4585
1267
9126
9301
9257
254
7398
4174
1970
9922
7951
9277
2549
1471
3089
6645
9080
4667
4766
2674
7051
4756
6191
