558
1324
6782
2322
1665
7867
1702
5078
5874
5724
8734
9651
226
4355
6241
8316
6599
1940
8957
5986
6167
4364
3500
3060
9503
7941
3640
3605
751
1927
601
152
9299
4728
9829
1613
6739
737
9346
6028
8304
8719
5269
9360
4614
4176
8702
9685
5560
2470
4788
4602
6144
1461
5772
9570
3772
6052
1592
9209
1304
5834
7980
9151
3803
6061
8680
1533
1984
4554
5424
2034
2155
3015
4819
6034
3633
8626
7405
8325
8983
7699
8813
7733
5933
2576
4642
5541
7045
9810
