2854
6356
7279
7505
1266
342
195
9139
6458
4601
9165
4799
8987
4063
5356
5454
1338
5724
3890
8054
4800
3136
8139
6589
5562
6936
4300
8697
4121
115
6892
8833
3524
2455
1700
7676
7307
1704
6137
2370
9665
8185
5864
750
3062
2681
219
3617
7787
4088
8143
7827
497
1733
2604
9168
3442
4381
1678
9108
5249
8304
9546
2568
3437
968
5279
7282
757
6819
9799
8866
3989
4259
7051
6717
4298
7693
8442
9473
6831
5624
1575
9227
7817
8349
2645
3371
5790
8525
1118
6480
3160
3888
9103
9306
5396
4924
7631
5771
982
1646
7863
3532
2608
6606
6251
9196
8232
7623
4734
5507
1921
4013
6309
8986
2215
3912
3299
4823
920
8422
7584
151
2708
5419
4782
8084
2382
664
870
5699
8616
3464
5149
2813
407
9914
5494
6773
