5970
6475
5594
8523
948
6181
4205
2579
6319
3983
6384
8223
1536
7683
681
8543
6277
3321
3700
2521
4346
9432
9563
349
4419
9174
3580
7167
7630
5676
2666
8097
4967
4746
7689
890
7164
7624
9161
7422
5202
5941
8101
9585
8834
5943
7885
7219
4625
7940
689
7934
8289
3196
8520
8616
481
9971
4439
709
8078
2043
8681
4464
3806
3343
3381
1249
8881
2071
6186
8445
3296
1224
3878
9898
7302
5898
6668
7358
381
502
6552
1074
1661
5116
3221
964
3597
7330
3285
9446
6461
5278
9584
4872
7405
3787
234
8539
3172
307
1655
9777
5425
126
5320
1627
3582
6437
7407
892
5914
7600
6109
9419
536
5306
9947
2192
2427
4575
8245
9367
6170
3136
2358
2931
4260
549
8962
3930
727
3301
779
5935
5404
5909
3192
9774
2167
4225
4336
4028
2709
9785
9337
7835
867
5345
3098
4533
8801
9286
5782
724
4702
6971
3928
5191
2948
1434
8343
3848
1143
3728
1913
4997
809
8824
