6060
957
8044
9729
3076
4362
6826
4657
2914
4040
3905
6607
3891
5193
1496
3210
2682
6261
1816
2942
9446
656
7837
5434
2196
498
2824
6447
511
7941
3543
1475
5406
1280
6803
1586
8379
2011
5385
8955
1980
7287
8926
1307
8471
4937
3359
4010
6999
1751
2019
3882
4217
3893
9933
2022
6467
4837
5936
981
5204
8701
3413
3866
8008
7842
2522
9018
7275
801
7948
3849
8642
637
8271
2037
1744
7087
724
8101
6378
9075
9794
2520
2971
5749
9917
7134
3256
4918
8665
313
1240
6362
1546
6329
8410
9256
3349
5792
5326
9089
4462
4637
8347
5219
5750
894
7821
1669
7218
8384
1669
8249
2753
501
9136
2963
6166
926
1777
9794
583
2692
179
1221
5571
8651
4972
5133
722
3073
4449
361
1969
9980
852
2949
8894
3180
