3010
4362
2991
8200
5847
2549
2707
8814
3084
2546
5115
1228
360
7755
5798
772
5318
7614
5639
9520
362
2235
3161
948
6758
698
6383
1862
9193
8919
4679
3982
5676
6835
6603
8360
6348
1224
4715
3047
5264
5514
1333
2353
3835
3519
2160
653
1059
1458
2525
5350
5158
7670
5452
5831
735
2199
4627
6208
3532
9796
4611
9851
3400
5689
8647
9114
2716
4002
3806
1329
4476
6430
3287
9219
8641
1236
5876
8507
759
7314
8820
9579
7948
5927
1911
4792
9839
1408
622
177
6025
4467
6723
5129
5392
7777
8770
9394
9640
8124
1538
537
2719
7537
1857
8208
528
2957
7802
6794
717
9147
426
7955
9407
3267
6326
7042
4082
8572
3682
6985
6896
1643
9716
4499
7505
9305
1929
1240
1418
9281
5767
6982
4890
1272
5303
7855
611
5710
5878
2328
4354
4860
7080
400
6527
4794
158
3057
4497
8869
6184
6769
2373
7780
8919
8873
5991
2968
7782
718
1491
7689
5748
2853
4256
9612
