2641
7476
3756
3359
7169
8933
3205
7383
2453
8325
2134
3204
6536
2514
8637
1473
2240
4917
8532
5563
8992
4713
3913
2092
4883
9547
4019
1935
8310
1154
6989
9481
4123
4901
6558
1286
9933
9442
1568
8160
5803
9027
8471
6221
9243
4902
5403
3960
6546
2182
2175
2329
7332
666
8543
3804
3445
1707
2728
506
6014
142
478
4218
5785
249
7337
8180
3595
167
8696
2683
5097
1091
4581
4926
8233
2228
5394
4641
2835
1194
5737
7569
1158
4996
9177
1790
8962
9074
2317
5279
5698
730
6952
1809
8026
1703
5923
3961
6176
8428
1968
6819
6972
2904
8518
7428
3823
9931
7029
892
5570
7477
8849
7516
330
3378
10000
6661
1411
9942
6573
1294
4248
2206
5930
6266
3343
913
