6992
8462
715
4806
5923
9075
4580
2106
1463
2227
1499
8508
9935
8389
2593
587
5790
7558
4992
8695
326
6323
4925
3423
9241
5289
6248
822
6227
1168
5672
1499
1663
7078
4995
8367
5896
1858
6799
4095
7730
9357
8663
2028
4155
4488
8070
9938
7497
6744
1045
8966
2394
5945
1413
3837
7629
6315
7178
1028
4329
6789
1999
4496
850
3416
1132
1392
4216
9184
2701
9342
9673
6823
7961
9395
6439
4815
5314
4274
8928
7953
4448
6756
2334
9485
7102
5708
9763
8991
9595
5912
7756
1086
9622
5989
251
5609
1542
943
