6714
7522
3406
6150
2979
7569
731
8294
6116
6883
7097
7820
217
7321
6770
9146
3089
9557
1923
9980
3385
9343
9789
385
7248
9155
1481
7502
3401
314
339
9362
1708
9243
5056
6713
1638
1505
4967
7203
5456
7594
7499
6707
5197
4485
6680
6359
3043
2601
8123
3680
9279
1840
8240
2417
5929
929
5602
4295
9393
5335
2723
6294
1336
1394
4939
4332
8152
2881
1336
1971
9798
2740
777
1375
9093
3004
6754
8045
9023
9193
4911
8933
3455
5048
8337
3974
1116
2575
3414
1004
8413
2518
5520
109
9306
1168
235
6319
970
3252
9916
9380
6693
9051
4449
6946
5151
2136
5451
6598
4319
7299
7044
9852
160
8587
478
9297
7439
9297
7889
8794
4084
5770
2885
8345
5481
971
