3030
6139
1334
9108
5447
2161
1000
5249
7829
1600
8626
7678
398
9168
8076
7855
3259
3528
5956
4757
5435
3522
9437
8041
5094
1448
5050
2520
6650
9585
9676
382
8744
7863
7015
2321
387
3127
7480
540
4883
2111
7621
3595
6013
7174
7547
3434
1045
4807
1581
696
4677
9718
9701
4344
7431
6288
6314
7855
1168
2258
204
5009
4228
424
6132
621
9719
7340
3700
5226
6309
8949
7864
972
4974
3430
4063
5817
1821
7474
1310
6402
2716
659
1408
8018
1691
6341
5995
3198
7456
4517
4524
2741
5161
4633
6431
9198
1589
2405
2380
8409
9906
4732
1767
2676
7771
4054
6869
2232
7457
5523
898
8954
1312
3247
7783
354
1229
8673
4810
7290
581
8054
4370
305
2451
7425
6200
4184
4059
2886
5954
8784
7287
9663
8820
9414
9021
2589
962
3026
3130
8073
2026
393
9689
9346
4191
3376
9168
9651
6087
8518
4215
8770
2186
6907
5144
6856
7610
8815
5682
9567
2475
9613
5067
9314
7938
1397
7867
5316
2618
3714
2448
9803
9710
2166
8011
3321
306
7007
8689
3898
5898
176
3382
3571
2432
6229
8621
4856
6143
5178
3247
5202
5288
7078
134
6324
7048
6119
7679
1040
6459
5288
8393
2516
8293
393
6525
7031
8210
6624
8862
7684
9441
8681
