6829
1542
3292
6259
1205
2735
4783
4487
2831
3035
1572
8772
622
9687
510
1664
3069
538
5587
892
9803
1890
1457
2833
5948
1708
9724
6087
8005
2681
1149
9156
9599
5750
1834
5319
804
8416
8691
615
7010
4035
5537
7492
984
888
1955
3208
105
9066
6587
2751
2363
4263
8444
4461
8907
4533
2253
5938
4061
9627
5162
4001
4526
715
5654
4645
6317
8077
1731
1867
1033
3861
645
1753
5633
6668
7023
9876
2703
6892
8750
6556
4071
6978
9865
1487
9857
1817
302
2558
6906
110
1851
6230
6340
8984
1215
7988
4218
2106
4823
4288
4184
2994
2479
7624
7965
7608
6326
8193
7346
6330
4901
9104
8276
9361
2068
2683
4359
1377
7384
1770
3142
4781
6192
6690
1400
961
6916
7897
4079
6062
8160
8079
4864
5876
6221
9429
991
3902
1210
1095
8496
4304
9821
4132
5437
2726
