1572
7218
888
4859
3367
6007
3444
8231
5032
1258
6190
769
7894
4183
9280
2335
2973
4320
3898
6103
4627
789
655
2274
1484
1107
9329
4306
5195
1251
5656
8815
8533
6847
4741
9479
7229
1395
8549
6543
6854
6837
1825
1430
8789
9804
4158
6517
6946
8187
150
1104
6190
148
5312
6698
1630
9063
3947
7770
1465
7260
8510
9518
8967
414
8223
5161
7287
1559
1932
4386
8151
5648
889
9411
1814
6890
2842
2357
9841
1827
6182
3836
4011
8002
689
2944
7125
4002
8754
6183
1730
6977
993
2043
1912
996
4860
7104
8152
5520
8352
8203
845
8791
7392
4515
4203
7800
5965
3225
3032
4867
2608
9965
3468
5380
8608
1225
818
5238
4791
8664
8171
3122
8129
8564
8553
2220
3776
4803
8270
2243
2798
5476
3891
3621
7132
1594
4004
8064
5463
4067
8048
4215
3145
3477
9033
5223
5482
5020
7540
7584
5444
937
4230
2538
7985
4699
440
7355
9457
3246
4882
3890
4673
4089
823
357
4752
7415
4717
5657
8099
4927
1028
6928
6531
2859
7103
3030
5041
1779
4632
6163
2450
9737
834
4167
5937
9725
9413
6119
8885
8136
992
760
4782
2747
8936
6807
6382
3788
7039
800
2038
2305
9911
6261
517
1819
8985
2582
9426
1753
8991
1582
7051
3901
425
9429
378
4048
3770
5149
4909
4811
2295
9364
5846
8954
7993
3460
4837
1683
5674
7368
9083
3463
7248
561
6495
9612
4807
2793
2358
6369
6077
7100
6761
8103
9289
116
5024
4143
9573
9195
6047
5148
