4899
9815
1605
8411
1468
4507
4383
6065
911
1928
7923
1998
8338
4385
8357
2010
8286
1564
9148
5377
4798
6317
6330
2553
9768
4707
5402
4870
3808
7607
6229
8474
4627
320
5340
3700
9145
1802
8670
3164
3038
8001
5770
1772
8010
4554
1744
6261
8680
662
1467
6328
9767
4127
589
7802
9808
7257
8428
2045
1603
4246
8367
394
8379
6694
4546
8643
2051
3589
6376
5366
8694
9569
5126
1484
1319
2826
3445
6102
3025
3912
6610
6242
2283
964
1368
5707
7000
8892
4401
9579
8319
1945
4895
6374
7887
880
5098
6246
5760
6868
3631
1014
546
3352
6052
2934
7676
3634
