720
8436
7499
5178
6218
3906
7057
5508
9593
645
9413
893
5681
6382
8257
8114
4713
8012
7538
5142
7938
8802
3527
6794
9919
5829
9113
1580
2582
8562
2077
6585
5921
1113
8251
7862
5316
8961
9744
9799
4812
7622
794
8080
776
5177
3710
4667
6136
2300
7778
2219
4035
772
1074
4295
8302
4029
4583
1198
8880
8875
1517
4276
1469
4745
4940
7139
3510
9333
2531
6726
8181
4524
898
1155
7643
9021
1575
1839
9556
548
6689
1529
6835
5419
7810
4209
1458
2284
1927
9584
5646
5022
4331
2900
2476
531
6711
8024
7762
6846
1975
1386
9563
4507
9353
1930
485
1674
2271
7641
4016
3087
716
792
6098
689
4240
8099
5486
1249
4111
5249
7190
7666
7412
7632
1786
407
